loss,lr,acc
0.1375030130147934,3.998973657201506e-05,0.078125
0.11740197986364365,3.997947314403011e-05,0.171875
0.12325415015220642,3.996920971604516e-05,0.203125
0.1254541128873825,3.9958946288060225e-05,0.0625
0.13436740636825562,3.9948682860075266e-05,0.109375
0.1248868927359581,3.993841943209032e-05,0.15625
0.11482878774404526,3.992815600410538e-05,0.171875
0.13390283286571503,3.991789257612042e-05,0.046875
0.12812736630439758,3.990762914813549e-05,0.140625
0.11640048772096634,3.989736572015053e-05,0.15625
0.1149916723370552,3.988710229216559e-05,0.125
0.1297272890806198,3.987683886418064e-05,0.140625
0.13639989495277405,3.986657543619568e-05,0.046875
0.1251172125339508,3.985631200821075e-05,0.125
0.15113908052444458,3.98460485802258e-05,0.140625
0.13635997474193573,3.983578515224085e-05,0.09375
0.1414971500635147,3.9825521724255905e-05,0.15625
0.12395355105400085,3.9815258296270946e-05,0.109375
0.13225190341472626,3.980499486828602e-05,0.203125
0.13431763648986816,3.979473144030106e-05,0.140625
0.11787447333335876,3.9784468012316114e-05,0.1875
0.1252928227186203,3.977420458433117e-05,0.15625
0.13802751898765564,3.9763941156346215e-05,0.0625
0.13074956834316254,3.975367772836128e-05,0.109375
0.11739818751811981,3.974341430037632e-05,0.1875
0.12300741672515869,3.9733150872391376e-05,0.125
0.12333554029464722,3.972288744440644e-05,0.09375
0.1427849531173706,3.971262401642149e-05,0.125
0.11685014516115189,3.9702360588436545e-05,0.15625
0.12093003839254379,3.9692097160451585e-05,0.203125
0.13921210169792175,3.968183373246666e-05,0.140625
0.1340300589799881,3.96715703044817e-05,0.09375
0.12870106101036072,3.9661306876496753e-05,0.15625
0.12820732593536377,3.965104344851181e-05,0.109375
0.12141276150941849,3.9640780020526854e-05,0.265625
0.12707288563251495,3.963051659254192e-05,0.171875
0.10966596007347107,3.962025316455696e-05,0.25
0.1170770674943924,3.9609989736572016e-05,0.1875
0.12171928584575653,3.959972630858708e-05,0.109375
0.10705055296421051,3.958946288060212e-05,0.21875
0.11659789830446243,3.9579199452617184e-05,0.203125
0.11462106555700302,3.9568936024632225e-05,0.140625
0.1326325237751007,3.9558672596647285e-05,0.09375
0.11910763382911682,3.954840916866234e-05,0.15625
0.12003616988658905,3.953814574067738e-05,0.203125
0.1355505734682083,3.952788231269245e-05,0.109375
0.12683796882629395,3.9517618884707494e-05,0.15625
0.11713969707489014,3.950735545672255e-05,0.15625
0.13131073117256165,3.94970920287376e-05,0.078125
0.12438128143548965,3.948682860075264e-05,0.234375
0.13142995536327362,3.9476565172767716e-05,0.203125
0.12990246713161469,3.9466301744782756e-05,0.140625
0.11988504230976105,3.945603831679781e-05,0.21875
0.12836392223834991,3.9445774888812864e-05,0.09375
0.1249072402715683,3.9435511460827925e-05,0.109375
0.14042824506759644,3.942524803284298e-05,0.125
0.11036165803670883,3.941498460485802e-05,0.15625
0.1369362324476242,3.9404721176873086e-05,0.109375
0.11453596502542496,3.9394457748888133e-05,0.140625
0.13140152394771576,3.938419432090319e-05,0.125
0.13072961568832397,3.937393089291824e-05,0.046875
0.13323284685611725,3.936366746493328e-05,0.109375
0.12153658270835876,3.9353404036948356e-05,0.078125
0.12734563648700714,3.9343140608963396e-05,0.078125
0.1307561844587326,3.933287718097845e-05,0.15625
0.12354213744401932,3.9322613752993504e-05,0.125
0.11591345071792603,3.931235032500855e-05,0.125
0.13025280833244324,3.930208689702362e-05,0.09375
0.1367512345314026,3.929182346903866e-05,0.171875
0.12447255849838257,3.928156004105371e-05,0.09375
0.13861976563930511,3.927129661306877e-05,0.125
0.12009157240390778,3.926103318508381e-05,0.0625
0.13948756456375122,3.925076975709888e-05,0.109375
0.12362483143806458,3.924050632911392e-05,0.15625
0.1276317536830902,3.923024290112898e-05,0.0625
0.14407965540885925,3.9219979473144036e-05,0.09375
0.12157447636127472,3.9209716045159076e-05,0.171875
0.12638641893863678,3.919945261717414e-05,0.125
0.1129506453871727,3.918918918918919e-05,0.203125
0.1496099829673767,3.9178925761204244e-05,0.140625
0.1251935362815857,3.91686623332193e-05,0.09375
0.14422589540481567,3.915839890523435e-05,0.109375
0.13118743896484375,3.914813547724941e-05,0.15625
0.11048343032598495,3.913787204926445e-05,0.1875
0.12036646902561188,3.912760862127952e-05,0.1875
0.12836956977844238,3.911734519329456e-05,0.15625
0.1293053925037384,3.910708176530962e-05,0.15625
0.1429690420627594,3.9096818337324675e-05,0.109375
0.11953022330999374,3.9086554909339715e-05,0.125
0.12668772041797638,3.907629148135478e-05,0.140625
0.12090986967086792,3.906602805336983e-05,0.09375
0.12572066485881805,3.9055764625384884e-05,0.109375
0.13204434514045715,3.904550119739994e-05,0.0625
0.12932321429252625,3.903523776941498e-05,0.109375
0.12152127176523209,3.9024974341430045e-05,0.125
0.11682729423046112,3.901471091344509e-05,0.15625
0.10128899663686752,3.9004447485460146e-05,0.203125
0.12991051375865936,3.89941840574752e-05,0.109375
0.13364920020103455,3.898392062949025e-05,0.1875
0.119673952460289,3.8973657201505315e-05,0.15625
0.12108750641345978,3.8963393773520355e-05,0.125
0.12830081582069397,3.895313034553541e-05,0.109375
0.13789492845535278,3.894286691755046e-05,0.171875
0.14088194072246552,3.893260348956552e-05,0.171875
0.14081743359565735,3.892234006158058e-05,0.140625
0.14425674080848694,3.891207663359562e-05,0.140625
0.12158511579036713,3.890181320561067e-05,0.203125
0.14213041961193085,3.889154977762573e-05,0.09375
0.11282829940319061,3.8881286349640786e-05,0.25
0.13326004147529602,3.887102292165584e-05,0.140625
0.1358286440372467,3.886075949367088e-05,0.125
0.1121998280286789,3.8850496065685954e-05,0.171875
0.11699244379997253,3.8840232637700994e-05,0.171875
0.15308380126953125,3.882996920971605e-05,0.109375
0.13590072095394135,3.88197057817311e-05,0.109375
0.10840967297554016,3.880944235374615e-05,0.203125
0.13284939527511597,3.879917892576122e-05,0.140625
0.12094445526599884,3.878891549777626e-05,0.125
0.15079788863658905,3.877865206979131e-05,0.0625
0.12294256687164307,3.876838864180637e-05,0.125
0.13454382121562958,3.875812521382141e-05,0.140625
0.13445036113262177,3.874786178583648e-05,0.046875
0.1124553382396698,3.873759835785152e-05,0.1875
0.12672753632068634,3.872733492986658e-05,0.15625
0.11505849659442902,3.8717071501881634e-05,0.09375
0.12330009788274765,3.8706808073896674e-05,0.15625
0.13201534748077393,3.869654464591174e-05,0.140625
0.1363644003868103,3.868628121792679e-05,0.1875
0.12800785899162292,3.867601778994184e-05,0.21875
0.1235349029302597,3.8665754361956896e-05,0.1875
0.12069781869649887,3.865549093397195e-05,0.1875
0.10999012738466263,3.864522750598701e-05,0.140625
0.13518865406513214,3.863496407800205e-05,0.1875
0.1315332055091858,3.8624700650017105e-05,0.171875
0.12202217429876328,3.861443722203216e-05,0.125
0.1451045125722885,3.860417379404722e-05,0.125
0.1253833770751953,3.8593910366062273e-05,0.125
0.1380082070827484,3.8583646938077314e-05,0.140625
0.10783108323812485,3.857338351009238e-05,0.171875
0.11171210557222366,3.856312008210743e-05,0.125
0.1390177458524704,3.855285665412248e-05,0.078125
0.11912733316421509,3.8542593226137536e-05,0.203125
0.12730267643928528,3.8532329798152576e-05,0.21875
0.12685555219650269,3.852206637016765e-05,0.140625
0.12752795219421387,3.851180294218269e-05,0.140625
0.12222567945718765,3.8501539514197745e-05,0.109375
0.13085798919200897,3.84912760862128e-05,0.15625
0.13053032755851746,3.8481012658227846e-05,0.171875
0.12481953203678131,3.847074923024291e-05,0.21875
0.1185995414853096,3.846048580225795e-05,0.234375
0.13452887535095215,3.845022237427301e-05,0.1875
0.14147347211837769,3.843995894628807e-05,0.140625
0.12787851691246033,3.842969551830311e-05,0.125
0.12572325766086578,3.8419432090318176e-05,0.171875
0.11190566420555115,3.8409168662333216e-05,0.203125
0.1262819617986679,3.8398905234348276e-05,0.078125
0.11703229695558548,3.838864180636333e-05,0.15625
0.11826346069574356,3.8378378378378384e-05,0.1875
0.11669135838747025,3.836811495039344e-05,0.171875
0.13335281610488892,3.8357851522408485e-05,0.171875
0.11927828192710876,3.834758809442354e-05,0.1875
0.11745975911617279,3.833732466643859e-05,0.109375
0.11872486025094986,3.832706123845365e-05,0.109375
0.13207045197486877,3.831679781046871e-05,0.21875
0.13323092460632324,3.830653438248375e-05,0.1875
0.1433071792125702,3.8296270954498815e-05,0.171875
0.13854871690273285,3.8286007526513855e-05,0.109375
0.12717431783676147,3.8275744098528916e-05,0.109375
0.11434414982795715,3.826548067054397e-05,0.1875
0.13355565071105957,3.825521724255901e-05,0.21875
0.11689147353172302,3.824495381457408e-05,0.21875
0.12635235488414764,3.8234690386589125e-05,0.1875
0.10019531100988388,3.822442695860418e-05,0.25
0.12810812890529633,3.821416353061923e-05,0.203125
0.11816765367984772,3.820390010263427e-05,0.15625
0.12896928191184998,3.819363667464935e-05,0.109375
0.12834475934505463,3.818337324666439e-05,0.140625
0.12412449717521667,3.817310981867944e-05,0.125
0.11720111221075058,3.8162846390694495e-05,0.109375
0.12170044332742691,3.815258296270954e-05,0.234375
0.13612237572669983,3.814231953472461e-05,0.15625
0.1358422338962555,3.813205610673965e-05,0.1875
0.12872004508972168,3.8121792678754704e-05,0.09375
0.12116751074790955,3.8111529250769764e-05,0.171875
0.14632946252822876,3.810126582278482e-05,0.15625
0.11002396047115326,3.809100239479987e-05,0.1875
0.11892029643058777,3.808073896681491e-05,0.203125
0.14452925324440002,3.807047553882997e-05,0.109375
0.12022434175014496,3.806021211084503e-05,0.140625
0.13869750499725342,3.804994868286008e-05,0.125
0.12125154584646225,3.8039685254875134e-05,0.171875
0.1312028169631958,3.802942182689018e-05,0.21875
0.13349232077598572,3.801915839890525e-05,0.09375
0.1338452696800232,3.800889497092029e-05,0.125
0.14310193061828613,3.799863154293534e-05,0.078125
0.13358555734157562,3.79883681149504e-05,0.0625
0.13127270340919495,3.7978104686965444e-05,0.09375
0.1269330382347107,3.796784125898051e-05,0.0625
0.12983392179012299,3.795757783099555e-05,0.140625
0.11939992755651474,3.7947314403010606e-05,0.09375
0.13055074214935303,3.7937050975025666e-05,0.140625
0.1252751350402832,3.7926787547040707e-05,0.109375
0.12300661206245422,3.7916524119055774e-05,0.0625
0.11923599988222122,3.7906260691070814e-05,0.109375
0.13062474131584167,3.7895997263085875e-05,0.109375
0.108805812895298,3.788573383510093e-05,0.15625
0.12389249354600906,3.787547040711597e-05,0.0625
0.14236235618591309,3.7865206979131036e-05,0.109375
0.14140325784683228,3.7854943551146084e-05,0.109375
0.11536040157079697,3.784468012316114e-05,0.109375
0.13171230256557465,3.783441669517619e-05,0.15625
0.13030806183815002,3.7824153267191245e-05,0.125
0.14277273416519165,3.7813889839206306e-05,0.0625
0.12502546608448029,3.7803626411221346e-05,0.09375
0.12995433807373047,3.77933629832364e-05,0.140625
0.12131685018539429,3.7783099555251454e-05,0.15625
0.13496512174606323,3.7772836127266514e-05,0.109375
0.11859751492738724,3.776257269928157e-05,0.140625
0.1237117275595665,3.775230927129661e-05,0.15625
0.1393199861049652,3.7742045843311676e-05,0.125
0.12157963216304779,3.773178241532672e-05,0.171875
0.12850800156593323,3.772151898734178e-05,0.15625
0.11366114765405655,3.771125555935683e-05,0.203125
0.11770708858966827,3.770099213137187e-05,0.21875
0.11570719629526138,3.7690728703386945e-05,0.15625
0.11820226907730103,3.7680465275401986e-05,0.1875
0.1056583821773529,3.767020184741704e-05,0.234375
0.12747548520565033,3.765993841943209e-05,0.1875
0.1265581101179123,3.764967499144714e-05,0.265625
0.13235542178153992,3.763941156346221e-05,0.1875
0.12571804225444794,3.762914813547725e-05,0.109375
0.13042229413986206,3.76188847074923e-05,0.125
0.12019859254360199,3.760862127950736e-05,0.203125
0.12296634912490845,3.75983578515224e-05,0.171875
0.13326005637645721,3.758809442353747e-05,0.171875
0.12738864123821259,3.757783099555251e-05,0.109375
0.1188829317688942,3.756756756756757e-05,0.171875
0.12170756608247757,3.7557304139582625e-05,0.140625
0.12103517353534698,3.754704071159768e-05,0.125
0.12203313410282135,3.753677728361273e-05,0.109375
0.10776984691619873,3.752651385562778e-05,0.171875
0.12062940746545792,3.7516250427642834e-05,0.140625
0.13356061279773712,3.750598699965789e-05,0.125
0.1130402684211731,3.749572357167294e-05,0.09375
0.1276465654373169,3.7485460143688e-05,0.171875
0.11914390325546265,3.747519671570304e-05,0.140625
0.13030457496643066,3.746493328771811e-05,0.0625
0.119194395840168,3.745466985973315e-05,0.171875
0.128569558262825,3.744440643174821e-05,0.125
0.13483309745788574,3.7434143003763265e-05,0.0625
0.14392073452472687,3.7423879575778305e-05,0.15625
0.11150367558002472,3.741361614779337e-05,0.1875
0.12416800856590271,3.740335271980842e-05,0.15625
0.12219741195440292,3.739308929182347e-05,0.171875
0.1472504884004593,3.738282586383853e-05,0.125
0.1216176450252533,3.737256243585357e-05,0.203125
0.1302211731672287,3.736229900786864e-05,0.125
0.14433608949184418,3.735203557988368e-05,0.109375
0.1405702531337738,3.7341772151898736e-05,0.15625
0.11929621547460556,3.733150872391379e-05,0.234375
0.13586626946926117,3.732124529592884e-05,0.1875
0.1276063621044159,3.7310981867943904e-05,0.171875
0.1293003410100937,3.7300718439958944e-05,0.1875
0.13338914513587952,3.7290455011974e-05,0.125
0.14303341507911682,3.728019158398906e-05,0.125
0.12156888842582703,3.726992815600411e-05,0.09375
0.10977640748023987,3.725966472801917e-05,0.140625
0.14309453964233398,3.724940130003421e-05,0.046875
0.11553063243627548,3.723913787204927e-05,0.171875
0.10503213852643967,3.722887444406432e-05,0.109375
0.1282651126384735,3.7218611016079375e-05,0.140625
0.12981350719928741,3.720834758809443e-05,0.140625
0.13048911094665527,3.7198084160109476e-05,0.171875
0.1274186372756958,3.7187820732124544e-05,0.140625
0.12959203124046326,3.7177557304139584e-05,0.109375
0.13705912232398987,3.716729387615464e-05,0.09375
0.1299915611743927,3.71570304481697e-05,0.125
0.14098185300827026,3.714676702018474e-05,0.125
0.11293650418519974,3.7136503592199806e-05,0.171875
0.12413151562213898,3.7126240164214846e-05,0.109375
0.12520213425159454,3.711597673622991e-05,0.15625
0.13153937458992004,3.710571330824496e-05,0.1875
0.12210710346698761,3.709544988026e-05,0.0625
0.10884332656860352,3.708518645227507e-05,0.15625
0.128597229719162,3.7074923024290116e-05,0.140625
0.12781280279159546,3.706465959630517e-05,0.078125
0.12186881899833679,3.7054396168320224e-05,0.15625
0.1338190734386444,3.7044132740335264e-05,0.078125
0.12632817029953003,3.703386931235033e-05,0.078125
0.11550159752368927,3.702360588436538e-05,0.140625
0.1272241175174713,3.701334245638043e-05,0.125
0.1334800273180008,3.7003079028395486e-05,0.15625
0.13263919949531555,3.699281560041054e-05,0.125
0.1171678751707077,3.69825521724256e-05,0.125
0.11546219140291214,3.697228874444064e-05,0.21875
0.13255642354488373,3.6962025316455695e-05,0.125
0.13842104375362396,3.695176188847075e-05,0.203125
0.14248663187026978,3.694149846048581e-05,0.140625
0.12488815188407898,3.693123503250086e-05,0.15625
0.10748598724603653,3.69209716045159e-05,0.25
0.11894931644201279,3.691070817653097e-05,0.125
0.130925253033638,3.690044474854602e-05,0.1875
0.15382784605026245,3.689018132056107e-05,0.109375
0.1224224790930748,3.6879917892576126e-05,0.203125
0.11408978700637817,3.6869654464591166e-05,0.140625
0.11867399513721466,3.685939103660624e-05,0.171875
0.13480596244335175,3.684912760862128e-05,0.125
0.13951826095581055,3.6838864180636334e-05,0.09375
0.12384559214115143,3.682860075265139e-05,0.125
0.11493796855211258,3.6818337324666435e-05,0.140625
0.1084778755903244,3.68080738966815e-05,0.125
0.11661962419748306,3.679781046869654e-05,0.21875
0.13191168010234833,3.67875470407116e-05,0.078125
0.11880205571651459,3.677728361272666e-05,0.171875
0.1389506310224533,3.67670201847417e-05,0.109375
0.13024048507213593,3.6756756756756765e-05,0.046875
0.11934889107942581,3.6746493328771805e-05,0.140625
0.12508845329284668,3.6736229900786866e-05,0.078125
0.1259373426437378,3.672596647280192e-05,0.171875
0.11170607805252075,3.6715703044816974e-05,0.171875
0.12045425176620483,3.670543961683203e-05,0.1875
0.13002616167068481,3.6695176188847075e-05,0.15625
0.12879586219787598,3.668491276086213e-05,0.140625
0.10216125845909119,3.667464933287718e-05,0.3125
0.12409309297800064,3.6664385904892236e-05,0.21875
0.12392561137676239,3.66541224769073e-05,0.1875
0.11923881620168686,3.664385904892234e-05,0.234375
0.11297698318958282,3.6633595620937405e-05,0.265625
0.1340307593345642,3.6623332192952445e-05,0.203125
0.12520547211170197,3.6613068764967506e-05,0.21875
0.12483660131692886,3.660280533698256e-05,0.140625
0.14658033847808838,3.65925419089976e-05,0.171875
0.13076487183570862,3.658227848101267e-05,0.140625
0.1297234743833542,3.6572015053027714e-05,0.140625
0.12257763743400574,3.656175162504277e-05,0.171875
0.12590241432189941,3.655148819705782e-05,0.15625
0.12690474092960358,3.654122476907286e-05,0.1875
0.13326896727085114,3.6530961341087936e-05,0.125
0.14280454814434052,3.652069791310298e-05,0.125
0.1311742663383484,3.651043448511803e-05,0.125
0.1256415694952011,3.6500171057133084e-05,0.171875
0.1185174211859703,3.648990762914813e-05,0.171875
0.12935371696949005,3.64796442011632e-05,0.125
0.1360665261745453,3.646938077317824e-05,0.09375
0.1299390196800232,3.645911734519329e-05,0.15625
0.11988497525453568,3.6448853917208354e-05,0.171875
0.12799902260303497,3.643859048922341e-05,0.140625
0.13027265667915344,3.642832706123846e-05,0.125
0.1270599216222763,3.64180636332535e-05,0.125
0.1335614174604416,3.640780020526856e-05,0.078125
0.1367323100566864,3.6397536777283616e-05,0.109375
0.1235467866063118,3.638727334929867e-05,0.078125
0.12525837123394012,3.6377009921313724e-05,0.203125
0.12486202269792557,3.636674649332877e-05,0.046875
0.11197865754365921,3.635648306534384e-05,0.140625
0.11132220178842545,3.634621963735888e-05,0.234375
0.11554928123950958,3.633595620937393e-05,0.21875
0.14027364552021027,3.632569278138899e-05,0.109375
0.12854497134685516,3.6315429353404034e-05,0.1875
0.13820432126522064,3.63051659254191e-05,0.15625
0.12091998010873795,3.629490249743414e-05,0.140625
0.12069641053676605,3.62846390694492e-05,0.203125
0.12156853079795837,3.6274375641464256e-05,0.15625
0.12200507521629333,3.6264112213479296e-05,0.15625
0.13859957456588745,3.6253848785494363e-05,0.125
0.12346357852220535,3.624358535750941e-05,0.1875
0.12804435193538666,3.6233321929524464e-05,0.15625
0.11703028529882431,3.622305850153952e-05,0.140625
0.13151434063911438,3.621279507355456e-05,0.078125
0.10976089537143707,3.620253164556963e-05,0.171875
0.13999956846237183,3.619226821758467e-05,0.09375
0.1296011358499527,3.618200478959973e-05,0.203125
0.12739914655685425,3.617174136161478e-05,0.1875
0.14454160630702972,3.616147793362984e-05,0.15625
0.12038064748048782,3.6151214505644895e-05,0.203125
0.12430570274591446,3.6140951077659936e-05,0.21875
0.13920801877975464,3.613068764967499e-05,0.15625
0.1211794838309288,3.612042422169005e-05,0.109375
0.1561087965965271,3.6110160793705104e-05,0.15625
0.11834914982318878,3.609989736572016e-05,0.15625
0.13774822652339935,3.60896339377352e-05,0.15625
0.12218362092971802,3.6079370509750266e-05,0.21875
0.1163565069437027,3.606910708176531e-05,0.15625
0.1381310522556305,3.6058843653780366e-05,0.140625
0.13118876516819,3.604858022579542e-05,0.15625
0.11801207065582275,3.603831679781047e-05,0.125
0.12872007489204407,3.6028053369825535e-05,0.078125
0.14143021404743195,3.6017789941840575e-05,0.0625
0.11462917178869247,3.600752651385563e-05,0.1875
0.11720868945121765,3.599726308587068e-05,0.140625
0.12675988674163818,3.598699965788573e-05,0.109375
0.12894579768180847,3.59767362299008e-05,0.21875
0.11632474511861801,3.596647280191584e-05,0.28125
0.13295775651931763,3.595620937393089e-05,0.25
0.13554450869560242,3.594594594594595e-05,0.140625
0.11592148244380951,3.593568251796099e-05,0.234375
0.12109540402889252,3.592541908997606e-05,0.203125
0.12921938300132751,3.59151556619911e-05,0.203125
0.1237756684422493,3.590489223400616e-05,0.234375
0.11657524108886719,3.5894628806021215e-05,0.109375
0.12358846515417099,3.588436537803627e-05,0.15625
0.11970555782318115,3.587410195005132e-05,0.1875
0.1336633414030075,3.586383852206637e-05,0.109375
0.12794816493988037,3.585357509408142e-05,0.078125
0.13096565008163452,3.584331166609648e-05,0.0625
0.15352563560009003,3.583304823811153e-05,0.140625
0.11870146542787552,3.582278481012659e-05,0.15625
0.13790377974510193,3.581252138214163e-05,0.109375
0.12692366540431976,3.58022579541567e-05,0.15625
0.11899520456790924,3.579199452617174e-05,0.203125
0.130659282207489,3.57817310981868e-05,0.15625
0.12114544212818146,3.5771467670201854e-05,0.140625
0.13283228874206543,3.5761204242216894e-05,0.046875
0.13909678161144257,3.575094081423196e-05,0.0625
0.11709877848625183,3.574067738624701e-05,0.203125
0.12030886113643646,3.573041395826206e-05,0.171875
0.1099206805229187,3.572015053027712e-05,0.1875
0.11958803236484528,3.570988710229216e-05,0.21875
0.13074856996536255,3.569962367430723e-05,0.078125
0.1329246163368225,3.568936024632227e-05,0.125
0.12150290608406067,3.5679096818337325e-05,0.171875
0.1177377700805664,3.566883339035238e-05,0.21875
0.13264374434947968,3.5658569962367426e-05,0.15625
0.1191486194729805,3.5648306534382494e-05,0.171875
0.11789680272340775,3.5638043106397534e-05,0.171875
0.13141517341136932,3.562777967841259e-05,0.09375
0.11735515296459198,3.561751625042765e-05,0.09375
0.11267145723104477,3.56072528224427e-05,0.203125
0.13401931524276733,3.5596989394457756e-05,0.140625
0.13447576761245728,3.5586725966472797e-05,0.140625
0.13219062983989716,3.557646253848786e-05,0.109375
0.09975866228342056,3.556619911050291e-05,0.265625
0.13184724748134613,3.5555935682517965e-05,0.0625
0.1257442981004715,3.554567225453302e-05,0.125
0.1309497356414795,3.5535408826548066e-05,0.0625
0.1113046258687973,3.552514539856313e-05,0.1875
0.1259758472442627,3.5514881970578174e-05,0.125
0.1293567270040512,3.550461854259323e-05,0.125
0.11669684946537018,3.549435511460829e-05,0.203125
0.10338293015956879,3.548409168662333e-05,0.140625
0.12738235294818878,3.5473828258638396e-05,0.15625
0.12462770938873291,3.5463564830653436e-05,0.0625
0.1266472041606903,3.54533014026685e-05,0.125
0.14409294724464417,3.544303797468355e-05,0.109375
0.12971390783786774,3.543277454669859e-05,0.09375
0.1390964388847351,3.542251111871366e-05,0.078125
0.11760032922029495,3.5412247690728705e-05,0.15625
0.10599078983068466,3.540198426274376e-05,0.1875
0.13112574815750122,3.539172083475881e-05,0.109375
0.11658547073602676,3.538145740677385e-05,0.140625
0.1273939311504364,3.537119397878893e-05,0.125
0.10398291051387787,3.536093055080397e-05,0.140625
0.13385863602161407,3.535066712281902e-05,0.15625
0.11823738366365433,3.5340403694834076e-05,0.09375
0.1253288984298706,3.5330140266849136e-05,0.078125
0.12865851819515228,3.531987683886419e-05,0.15625
0.13809093832969666,3.530961341087923e-05,0.0625
0.14449095726013184,3.5299349982894284e-05,0.125
0.1254708170890808,3.5289086554909345e-05,0.09375
0.12466027587652206,3.52788231269244e-05,0.25
0.12933239340782166,3.526855969893945e-05,0.171875
0.11985701322555542,3.525829627095449e-05,0.171875
0.1263720840215683,3.524803284296957e-05,0.125
0.13289318978786469,3.523776941498461e-05,0.15625
0.13441304862499237,3.522750598699966e-05,0.15625
0.139143168926239,3.5217242559014715e-05,0.140625
0.13610172271728516,3.520697913102976e-05,0.09375
0.1192193403840065,3.519671570304483e-05,0.234375
0.12328842282295227,3.518645227505987e-05,0.203125
0.11876052618026733,3.5176188847074924e-05,0.15625
0.12442620098590851,3.5165925419089984e-05,0.171875
0.1287514865398407,3.5155661991105025e-05,0.078125
0.12469498068094254,3.514539856312009e-05,0.140625
0.11696237325668335,3.513513513513513e-05,0.140625
0.12746985256671906,3.512487170715019e-05,0.15625
0.12135298550128937,3.511460827916525e-05,0.1875
0.11695197969675064,3.510434485118029e-05,0.25
0.11512601375579834,3.5094081423195355e-05,0.171875
0.11809273809194565,3.50838179952104e-05,0.140625
0.11975692212581635,3.5073554567225456e-05,0.109375
0.13571086525917053,3.506329113924051e-05,0.078125
0.12814784049987793,3.505302771125556e-05,0.1875
0.12770722806453705,3.504276428327062e-05,0.21875
0.11587683856487274,3.5032500855285664e-05,0.125
0.12403035908937454,3.502223742730072e-05,0.15625
0.13113349676132202,3.501197399931577e-05,0.109375
0.12604686617851257,3.5001710571330826e-05,0.234375
0.13061533868312836,3.4991447143345886e-05,0.109375
0.11535969376564026,3.498118371536093e-05,0.171875
0.1232079491019249,3.4970920287375994e-05,0.171875
0.12417242676019669,3.4960656859391034e-05,0.15625
0.12191589176654816,3.4950393431406095e-05,0.140625
0.11207146942615509,3.494013000342115e-05,0.21875
0.12526407837867737,3.492986657543619e-05,0.234375
0.1445346623659134,3.491960314745126e-05,0.171875
0.11443397402763367,3.4909339719466304e-05,0.1875
0.12105019390583038,3.489907629148136e-05,0.1875
0.15666329860687256,3.488881286349641e-05,0.109375
0.12045868486166,3.487854943551145e-05,0.125
0.1233585923910141,3.4868286007526526e-05,0.109375
0.1348198652267456,3.4858022579541566e-05,0.078125
0.12442921102046967,3.484775915155662e-05,0.1875
0.12698812782764435,3.4837495723571674e-05,0.171875
0.10469098389148712,3.482723229558672e-05,0.234375
0.12020514905452728,3.481696886760179e-05,0.09375
0.1341085284948349,3.480670543961683e-05,0.15625
0.13503792881965637,3.479644201163188e-05,0.140625
0.1373143047094345,3.478617858364694e-05,0.0625
0.13183066248893738,3.4775915155662e-05,0.15625
0.134508416056633,3.476565172767705e-05,0.15625
0.1409035623073578,3.475538829969209e-05,0.15625
0.10997698456048965,3.474512487170715e-05,0.265625
0.14440003037452698,3.4734861443722206e-05,0.109375
0.14013342559337616,3.472459801573726e-05,0.1875
0.1257813572883606,3.4714334587752314e-05,0.15625
0.13314752280712128,3.470407115976736e-05,0.140625
0.12506386637687683,3.469380773178243e-05,0.21875
0.10008318722248077,3.468354430379747e-05,0.234375
0.13173191249370575,3.467328087581252e-05,0.078125
0.1272929161787033,3.466301744782758e-05,0.109375
0.12639498710632324,3.465275401984262e-05,0.09375
0.12109127640724182,3.464249059185769e-05,0.125
0.13900333642959595,3.463222716387273e-05,0.125
0.11978837847709656,3.462196373588779e-05,0.140625
0.11640588194131851,3.4611700307902845e-05,0.140625
0.11781427264213562,3.4601436879917886e-05,0.109375
0.12398956716060638,3.459117345193295e-05,0.171875
0.12983191013336182,3.4580910023948e-05,0.15625
0.1250103861093521,3.4570646595963054e-05,0.125
0.12942562997341156,3.456038316797811e-05,0.109375
0.11950071156024933,3.455011973999315e-05,0.0625
0.12650960683822632,3.453985631200822e-05,0.203125
0.1262490153312683,3.452959288402326e-05,0.109375
0.1230059266090393,3.4519329456038317e-05,0.125
0.11321676522493362,3.450906602805337e-05,0.171875
0.1485200971364975,3.449880260006843e-05,0.1875
0.12345516681671143,3.4488539172083485e-05,0.1875
0.1277262270450592,3.4478275744098525e-05,0.203125
0.13203021883964539,3.446801231611358e-05,0.140625
0.12237659096717834,3.445774888812864e-05,0.140625
0.11632141470909119,3.4447485460143694e-05,0.15625
0.11294560134410858,3.443722203215875e-05,0.15625
0.1289488524198532,3.442695860417379e-05,0.140625
0.13110139966011047,3.441669517618886e-05,0.125
0.14306041598320007,3.44064317482039e-05,0.140625
0.13829417526721954,3.4396168320218956e-05,0.109375
0.12721525132656097,3.438590489223401e-05,0.15625
0.1339709609746933,3.437564146424906e-05,0.140625
0.12029040604829788,3.4365378036264124e-05,0.109375
0.14084650576114655,3.4355114608279165e-05,0.078125
0.12179988622665405,3.434485118029422e-05,0.140625
0.13105930387973785,3.433458775230928e-05,0.109375
0.13058792054653168,3.432432432432432e-05,0.09375
0.12642395496368408,3.431406089633939e-05,0.078125
0.11526159197092056,3.430379746835443e-05,0.1875
0.1175854429602623,3.429353404036949e-05,0.15625
0.1085759624838829,3.428327061238454e-05,0.140625
0.11824965476989746,3.427300718439958e-05,0.140625
0.14926958084106445,3.426274375641465e-05,0.078125
0.11983291059732437,3.4252480328429696e-05,0.171875
0.12301608920097351,3.424221690044475e-05,0.171875
0.12680065631866455,3.4231953472459804e-05,0.140625
0.12520527839660645,3.422169004447486e-05,0.09375
0.1325124353170395,3.421142661648992e-05,0.171875
0.12894386053085327,3.420116318850496e-05,0.0625
0.13137969374656677,3.419089976052001e-05,0.203125
0.13268962502479553,3.418063633253507e-05,0.171875
0.135181725025177,3.417037290455013e-05,0.1875
0.13424307107925415,3.416010947656518e-05,0.21875
0.11058489978313446,3.414984604858022e-05,0.171875
0.12872812151908875,3.413958262059529e-05,0.125
0.13405732810497284,3.4129319192610336e-05,0.078125
0.13548630475997925,3.411905576462539e-05,0.0625
0.11963526904582977,3.4108792336640444e-05,0.125
0.1426296830177307,3.4098528908655484e-05,0.125
0.13245601952075958,3.408826548067056e-05,0.09375
0.13904032111167908,3.40780020526856e-05,0.1875
0.1372418999671936,3.406773862470065e-05,0.171875
0.13663215935230255,3.4057475196715706e-05,0.078125
0.12522858381271362,3.404721176873075e-05,0.15625
0.12147393822669983,3.403694834074582e-05,0.09375
0.1333540976047516,3.402668491276086e-05,0.25
0.13097688555717468,3.4016421484775915e-05,0.09375
0.12145594507455826,3.400615805679097e-05,0.15625
0.12488178163766861,3.3995894628806016e-05,0.125
0.12842552363872528,3.398563120082108e-05,0.125
0.12202461063861847,3.3975367772836124e-05,0.15625
0.11135989427566528,3.396510434485118e-05,0.265625
0.11972356587648392,3.395484091686624e-05,0.15625
0.10905971378087997,3.394457748888129e-05,0.203125
0.12152314931154251,3.3934314060896346e-05,0.171875
0.11575998365879059,3.3924050632911386e-05,0.1875
0.12659409642219543,3.391378720492645e-05,0.234375
0.11855673789978027,3.39035237769415e-05,0.140625
0.11868014931678772,3.3893260348956554e-05,0.109375
0.09597412496805191,3.388299692097161e-05,0.234375
0.14396801590919495,3.3872733492986655e-05,0.171875
0.10263558477163315,3.386247006500172e-05,0.28125
0.128596693277359,3.385220663701676e-05,0.15625
0.15056830644607544,3.384194320903182e-05,0.109375
0.11870219558477402,3.383167978104688e-05,0.125
0.1472575068473816,3.382141635306192e-05,0.109375
0.12312120199203491,3.3811152925076985e-05,0.1875
0.12863878905773163,3.3800889497092026e-05,0.15625
0.12411469221115112,3.3790626069107086e-05,0.140625
0.12851600348949432,3.378036264112214e-05,0.1875
0.13118895888328552,3.377009921313718e-05,0.21875
0.11088156700134277,3.375983578515225e-05,0.1875
0.11253488808870316,3.3749572357167295e-05,0.28125
0.11817437410354614,3.373930892918235e-05,0.265625
0.13346236944198608,3.37290455011974e-05,0.203125
0.12244123220443726,3.371878207321244e-05,0.109375
0.12572091817855835,3.370851864522752e-05,0.171875
0.1464744657278061,3.369825521724256e-05,0.140625
0.10240577161312103,3.368799178925761e-05,0.203125
0.12711384892463684,3.3677728361272665e-05,0.1875
0.13064783811569214,3.3667464933287726e-05,0.28125
0.1340077668428421,3.365720150530278e-05,0.171875
0.13307055830955505,3.364693807731782e-05,0.109375
0.10807386785745621,3.3636674649332874e-05,0.234375
0.12807892262935638,3.3626411221347934e-05,0.125
0.11229810863733292,3.361614779336299e-05,0.203125
0.13997438549995422,3.360588436537804e-05,0.125
0.1302473396062851,3.359562093739308e-05,0.1875
0.12920156121253967,3.358535750940816e-05,0.15625
0.11764968186616898,3.35750940814232e-05,0.125
0.13634033501148224,3.356483065343825e-05,0.109375
0.12547633051872253,3.3554567225453305e-05,0.140625
0.12322845309972763,3.354430379746835e-05,0.125
0.12166664004325867,3.353404036948342e-05,0.15625
0.14245179295539856,3.352377694149846e-05,0.09375
0.12573115527629852,3.351351351351351e-05,0.171875
0.12726455926895142,3.3503250085528574e-05,0.125
0.11699750274419785,3.3492986657543614e-05,0.140625
0.10880427062511444,3.348272322955868e-05,0.109375
0.11936796456575394,3.347245980157372e-05,0.1875
0.12800006568431854,3.346219637358878e-05,0.125
0.13829319179058075,3.3451932945603836e-05,0.140625
0.13998709619045258,3.344166951761888e-05,0.125
0.12388398498296738,3.3431406089633944e-05,0.21875
0.13136249780654907,3.342114266164899e-05,0.1875
0.11424411088228226,3.3410879233664045e-05,0.21875
0.13701725006103516,3.34006158056791e-05,0.171875
0.13173812627792358,3.339035237769415e-05,0.109375
0.11177519708871841,3.3380088949709213e-05,0.203125
0.1224132850766182,3.3369825521724254e-05,0.15625
0.10616423934698105,3.335956209373932e-05,0.1875
0.11182206869125366,3.334929866575436e-05,0.15625
0.12467100471258163,3.333903523776942e-05,0.109375
0.12075325846672058,3.3328771809784476e-05,0.171875
0.11004669219255447,3.3318508381799516e-05,0.265625
0.11363333463668823,3.3308244953814584e-05,0.109375
0.11361700296401978,3.329798152582963e-05,0.1875
0.11830408871173859,3.3287718097844685e-05,0.15625
0.14901240170001984,3.327745466985974e-05,0.0625
0.11138136684894562,3.326719124187478e-05,0.234375
0.11423207074403763,3.325692781388985e-05,0.1875
0.10713561624288559,3.324666438590489e-05,0.28125
0.12129857391119003,3.323640095791995e-05,0.234375
0.1256176382303238,3.3226137529935e-05,0.203125
0.10832436382770538,3.321587410195005e-05,0.265625
0.11218675225973129,3.3205610673965116e-05,0.1875
0.1291305273771286,3.3195347245980156e-05,0.171875
0.12013393640518188,3.318508381799521e-05,0.1875
0.13917428255081177,3.317482039001027e-05,0.140625
0.13110141456127167,3.316455696202531e-05,0.15625
0.13462544977664948,3.315429353404038e-05,0.078125
0.1196298897266388,3.314403010605542e-05,0.15625
0.13595649600028992,3.313376667807048e-05,0.15625
0.12768587470054626,3.312350325008553e-05,0.09375
0.135376438498497,3.311323982210059e-05,0.125
0.10790952295064926,3.310297639411564e-05,0.1875
0.12435455620288849,3.309271296613069e-05,0.078125
0.12748901546001434,3.3082449538145755e-05,0.09375
0.13771168887615204,3.3072186110160795e-05,0.078125
0.12465737760066986,3.306192268217585e-05,0.09375
0.1167774349451065,3.305165925419091e-05,0.1875
0.11815574020147324,3.304139582620595e-05,0.140625
0.1186930388212204,3.303113239822102e-05,0.140625
0.12712615728378296,3.302086897023606e-05,0.15625
0.11537589877843857,3.301060554225112e-05,0.109375
0.11853111535310745,3.300034211426617e-05,0.203125
0.1171719878911972,3.299007868628121e-05,0.140625
0.12146500498056412,3.297981525829628e-05,0.15625
0.15356171131134033,3.296955183031132e-05,0.109375
0.10533120483160019,3.295928840232638e-05,0.203125
0.12428272515535355,3.2949024974341435e-05,0.234375
0.11510047316551208,3.2938761546356475e-05,0.140625
0.1177242174744606,3.292849811837154e-05,0.125
0.13231980800628662,3.291823469038659e-05,0.109375
0.14068633317947388,3.2907971262401644e-05,0.109375
0.11450919508934021,3.28977078344167e-05,0.25
0.12573161721229553,3.288744440643174e-05,0.234375
0.12997344136238098,3.287718097844681e-05,0.140625
0.1257883757352829,3.286691755046185e-05,0.125
0.11865989118814468,3.2856654122476906e-05,0.203125
0.10093006491661072,3.284639069449196e-05,0.265625
0.10254380851984024,3.283612726650702e-05,0.25
0.14320892095565796,3.2825863838522074e-05,0.15625
0.13510486483573914,3.2815600410537115e-05,0.140625
0.1230052262544632,3.280533698255218e-05,0.234375
0.12067116796970367,3.279507355456723e-05,0.28125
0.12408657371997833,3.278481012658228e-05,0.140625
0.15016134083271027,3.277454669859734e-05,0.125
0.1341840773820877,3.276428327061238e-05,0.09375
0.12643611431121826,3.275401984262745e-05,0.15625
0.11451927572488785,3.274375641464249e-05,0.1875
0.12272823601961136,3.2733492986657546e-05,0.21875
0.12286392599344254,3.27232295586726e-05,0.125
0.13590195775032043,3.2712966130687647e-05,0.125
0.13325423002243042,3.2702702702702714e-05,0.1875
0.13036754727363586,3.2692439274717754e-05,0.140625
0.13246893882751465,3.268217584673281e-05,0.125
0.12062367796897888,3.267191241874787e-05,0.203125
0.11622043699026108,3.266164899076291e-05,0.140625
0.1412286013364792,3.2651385562777976e-05,0.109375
0.14592662453651428,3.264112213479302e-05,0.140625
0.11579480022192001,3.263085870680808e-05,0.21875
0.13085415959358215,3.262059527882313e-05,0.140625
0.10766739398241043,3.261033185083817e-05,0.21875
0.1368499994277954,3.260006842285324e-05,0.140625
0.12921354174613953,3.2589804994868286e-05,0.078125
0.13627885282039642,3.257954156688334e-05,0.15625
0.11896120011806488,3.2569278138898394e-05,0.140625
0.12834468483924866,3.255901471091345e-05,0.125
0.125176340341568,3.254875128292851e-05,0.171875
0.1294005960226059,3.253848785494355e-05,0.15625
0.1256786584854126,3.2528224426958616e-05,0.15625
0.11768193542957306,3.2517960998973656e-05,0.140625
0.12610803544521332,3.250769757098872e-05,0.125
0.15025003254413605,3.249743414300377e-05,0.0625
0.12255586683750153,3.248717071501881e-05,0.125
0.1252666562795639,3.247690728703388e-05,0.140625
0.11124394088983536,3.2466643859048926e-05,0.140625
0.12359146028757095,3.245638043106398e-05,0.140625
0.12215928733348846,3.244611700307903e-05,0.15625
0.13251599669456482,3.2435853575094074e-05,0.140625
0.12747035920619965,3.242559014710915e-05,0.171875
0.11416781693696976,3.241532671912419e-05,0.21875
0.12306618690490723,3.240506329113924e-05,0.125
0.10716719925403595,3.2394799863154296e-05,0.09375
0.11501823365688324,3.238453643516934e-05,0.203125
0.1126883402466774,3.237427300718441e-05,0.21875
0.11210634559392929,3.236400957919945e-05,0.171875
0.1300460696220398,3.2353746151214504e-05,0.15625
0.13682912290096283,3.2343482723229565e-05,0.171875
0.11263379454612732,3.2333219295244605e-05,0.09375
0.1288759559392929,3.232295586725967e-05,0.15625
0.12408771365880966,3.231269243927471e-05,0.1875
0.1365862637758255,3.2302429011289774e-05,0.109375
0.1443430781364441,3.229216558330483e-05,0.109375
0.10812544822692871,3.228190215531988e-05,0.140625
0.1302555799484253,3.2271638727334935e-05,0.125
0.10216706246137619,3.226137529934998e-05,0.171875
0.12285764515399933,3.225111187136505e-05,0.15625
0.1286579966545105,3.224084844338009e-05,0.171875
0.11658686399459839,3.2230585015395144e-05,0.1875
0.13001397252082825,3.2220321587410205e-05,0.15625
0.14132905006408691,3.2210058159425245e-05,0.109375
0.10429144650697708,3.219979473144031e-05,0.234375
0.12336776405572891,3.218953130345535e-05,0.125
0.12451768666505814,3.217926787547041e-05,0.265625
0.110079325735569,3.216900444748547e-05,0.21875
0.1267646849155426,3.215874101950051e-05,0.125
0.11110193282365799,3.2148477591515575e-05,0.296875
0.11905771493911743,3.213821416353062e-05,0.25
0.13264942169189453,3.2127950735545676e-05,0.15625
0.13145731389522552,3.211768730756073e-05,0.15625
0.13156813383102417,3.210742387957577e-05,0.140625
0.11129014194011688,3.2097160451590844e-05,0.15625
0.11696386337280273,3.2086897023605884e-05,0.171875
0.11699342727661133,3.207663359562094e-05,0.1875
0.11777403205633163,3.206637016763599e-05,0.171875
0.11847938597202301,3.205610673965104e-05,0.171875
0.11718519032001495,3.204584331166611e-05,0.171875
0.12319086492061615,3.203557988368115e-05,0.09375
0.109089195728302,3.20253164556962e-05,0.203125
0.13538199663162231,3.201505302771126e-05,0.0625
0.1318480223417282,3.2004789599726315e-05,0.203125
0.11585179716348648,3.199452617174137e-05,0.1875
0.12906336784362793,3.198426274375641e-05,0.234375
0.1264222264289856,3.197399931577148e-05,0.1875
0.1100679337978363,3.1963735887786524e-05,0.140625
0.1365375965833664,3.195347245980158e-05,0.171875
0.11769372969865799,3.194320903181663e-05,0.203125
0.11339939385652542,3.193294560383168e-05,0.203125
0.12318582832813263,3.1922682175846746e-05,0.125
0.1298033446073532,3.1912418747861787e-05,0.109375
0.12971824407577515,3.190215531987684e-05,0.125
0.1381140798330307,3.1891891891891894e-05,0.125
0.11399058252573013,3.188162846390694e-05,0.109375
0.12002309411764145,3.187136503592201e-05,0.140625
0.1226784735918045,3.186110160793705e-05,0.09375
0.12354112416505814,3.18508381799521e-05,0.140625
0.13059177994728088,3.1840574751967164e-05,0.078125
0.12714335322380066,3.1830311323982204e-05,0.09375
0.12753698229789734,3.182004789599727e-05,0.140625
0.1191612109541893,3.180978446801231e-05,0.125
0.1359725296497345,3.179952104002737e-05,0.09375
0.11914940923452377,3.1789257612042426e-05,0.140625
0.11901464313268661,3.1778994184057466e-05,0.140625
0.1269276738166809,3.1768730756072534e-05,0.15625
0.11425016075372696,3.175846732808758e-05,0.140625
0.11254841089248657,3.1748203900102635e-05,0.21875
0.13259409368038177,3.173794047211769e-05,0.171875
0.1429121494293213,3.172767704413274e-05,0.0625
0.10864246636629105,3.17174136161478e-05,0.265625
0.1278199404478073,3.170715018816284e-05,0.140625
0.1215699166059494,3.169688676017791e-05,0.1875
0.118453748524189,3.168662333219295e-05,0.171875
0.12132871896028519,3.167635990420801e-05,0.140625
0.11601253598928452,3.1666096476223066e-05,0.234375
0.12699805200099945,3.1655833048238106e-05,0.1875
0.1213732659816742,3.164556962025317e-05,0.21875
0.13451653718948364,3.163530619226822e-05,0.109375
0.12166925519704819,3.1625042764283274e-05,0.234375
0.11497940868139267,3.161477933629833e-05,0.125
0.11798975616693497,3.160451590831337e-05,0.09375
0.12030677497386932,3.159425248032844e-05,0.140625
0.11785522848367691,3.158398905234348e-05,0.171875
0.11681986600160599,3.157372562435854e-05,0.21875
0.12285337597131729,3.156346219637359e-05,0.21875
0.13475118577480316,3.155319876838864e-05,0.15625
0.11755295097827911,3.1542935340403705e-05,0.15625
0.12612384557724,3.1532671912418745e-05,0.15625
0.10976696014404297,3.15224084844338e-05,0.25
0.11829504370689392,3.151214505644886e-05,0.140625
0.13161778450012207,3.1501881628463914e-05,0.1875
0.12274137884378433,3.149161820047897e-05,0.09375
0.10688821226358414,3.148135477249401e-05,0.296875
0.11745354533195496,3.147109134450907e-05,0.109375
0.1176435574889183,3.146082791652412e-05,0.203125
0.10540959984064102,3.1450564488539176e-05,0.21875
0.12214165925979614,3.144030106055423e-05,0.171875
0.11817242950201035,3.143003763256928e-05,0.1875
0.08927520364522934,3.1419774204584345e-05,0.265625
0.13411572575569153,3.1409510776599385e-05,0.15625
0.12171158194541931,3.139924734861444e-05,0.1875
0.11037009954452515,3.13889839206295e-05,0.203125
0.14143237471580505,3.137872049264454e-05,0.109375
0.11035393178462982,3.136845706465961e-05,0.234375
0.12520797550678253,3.135819363667465e-05,0.09375
0.13150912523269653,3.134793020868971e-05,0.125
0.12949112057685852,3.133766678070476e-05,0.15625
0.13786737620830536,3.13274033527198e-05,0.078125
0.13537846505641937,3.131713992473487e-05,0.140625
0.11527138948440552,3.130687649674992e-05,0.203125
0.1129302829504013,3.129661306876497e-05,0.234375
0.10529687255620956,3.1286349640780024e-05,0.171875
0.1259341835975647,3.1276086212795065e-05,0.125
0.12531952559947968,3.126582278481014e-05,0.15625
0.13221167027950287,3.125555935682518e-05,0.140625
0.12006150186061859,3.124529592884023e-05,0.125
0.12288839370012283,3.123503250085529e-05,0.140625
0.12866251170635223,3.122476907287035e-05,0.203125
0.12021184712648392,3.12145056448854e-05,0.140625
0.11512578278779984,3.120424221690044e-05,0.1875
0.12666991353034973,3.1193978788915496e-05,0.140625
0.13634584844112396,3.1183715360930556e-05,0.125
0.12002229690551758,3.117345193294561e-05,0.15625
0.1356087177991867,3.1163188504960664e-05,0.203125
0.13244140148162842,3.1152925076975704e-05,0.140625
0.14389604330062866,3.114266164899078e-05,0.15625
0.12502476572990417,3.113239822100582e-05,0.140625
0.13639144599437714,3.112213479302087e-05,0.203125
0.1191033348441124,3.1111871365035926e-05,0.15625
0.1160762757062912,3.1101607937050974e-05,0.234375
0.10827318578958511,3.109134450906604e-05,0.203125
0.12502385675907135,3.108108108108108e-05,0.1875
0.11993124336004257,3.1070817653096135e-05,0.21875
0.11543059349060059,3.1060554225111196e-05,0.15625
0.12068505585193634,3.1050290797126236e-05,0.28125
0.12597759068012238,3.1040027369141303e-05,0.1875
0.11358288675546646,3.1029763941156344e-05,0.140625
0.12096192687749863,3.1019500513171404e-05,0.1875
0.13067615032196045,3.100923708518646e-05,0.21875
0.11853710561990738,3.09989736572015e-05,0.171875
0.1179199367761612,3.0988710229216566e-05,0.1875
0.13258178532123566,3.097844680123161e-05,0.15625
0.11316286027431488,3.096818337324667e-05,0.15625
0.12967275083065033,3.095791994526172e-05,0.1875
0.1252516657114029,3.0947656517276775e-05,0.140625
0.12010141462087631,3.093739308929183e-05,0.1875
0.13903439044952393,3.0927129661306876e-05,0.125
0.126057967543602,3.091686623332193e-05,0.109375
0.15082284808158875,3.090660280533698e-05,0.171875
0.1265031397342682,3.089633937735204e-05,0.171875
0.11085762828588486,3.08860759493671e-05,0.1875
0.130885049700737,3.087581252138214e-05,0.125
0.13944709300994873,3.0865549093397206e-05,0.21875
0.12356675416231155,3.0855285665412246e-05,0.15625
0.13207370042800903,3.0845022237427306e-05,0.171875
0.11100181937217712,3.083475880944236e-05,0.265625
0.1146591305732727,3.08244953814574e-05,0.15625
0.12578336894512177,3.081423195347247e-05,0.234375
0.11883736401796341,3.0803968525487515e-05,0.28125
0.11973759531974792,3.079370509750257e-05,0.0625
0.11907816678285599,3.078344166951762e-05,0.140625
0.12483488023281097,3.077317824153266e-05,0.203125
0.1114005446434021,3.076291481354774e-05,0.25
0.12432999908924103,3.075265138556278e-05,0.1875
0.10570482164621353,3.074238795757783e-05,0.234375
0.14085595309734344,3.0732124529592885e-05,0.234375
0.1166127622127533,3.072186110160793e-05,0.28125
0.12270752340555191,3.0711597673623e-05,0.15625
0.1258828490972519,3.070133424563804e-05,0.1875
0.11552710086107254,3.0691070817653094e-05,0.1875
0.1242755725979805,3.0680807389668155e-05,0.125
0.12216451019048691,3.067054396168321e-05,0.171875
0.12393059581518173,3.066028053369826e-05,0.140625
0.11509916931390762,3.06500171057133e-05,0.15625
0.1465744525194168,3.063975367772836e-05,0.109375
0.12011460959911346,3.062949024974342e-05,0.15625
0.13662070035934448,3.061922682175847e-05,0.15625
0.13566739857196808,3.0608963393773525e-05,0.078125
0.11460698395967484,3.059869996578857e-05,0.203125
0.10056467354297638,3.058843653780364e-05,0.234375
0.11503320932388306,3.057817310981868e-05,0.109375
0.11955419927835464,3.0567909681833734e-05,0.109375
0.10924550890922546,3.0557646253848794e-05,0.1875
0.12152165174484253,3.0547382825863834e-05,0.171875
0.1317826360464096,3.05371193978789e-05,0.171875
0.13815194368362427,3.052685596989394e-05,0.125
0.14951372146606445,3.0516592541909003e-05,0.0625
0.14994773268699646,3.0506329113924057e-05,0.109375
0.11939267069101334,3.0496065685939097e-05,0.109375
0.12997953593730927,3.0485802257954164e-05,0.109375
0.13118356466293335,3.047553882996921e-05,0.140625
0.1279946267604828,3.0465275401984265e-05,0.25
0.1122129037976265,3.045501197399932e-05,0.203125
0.12524402141571045,3.044474854601436e-05,0.1875
0.12950646877288818,3.0434485118029434e-05,0.15625
0.13120196759700775,3.0424221690044474e-05,0.15625
0.12144829332828522,3.0413958262059528e-05,0.171875
0.13551510870456696,3.0403694834074582e-05,0.140625
0.11910398304462433,3.0393431406089642e-05,0.1875
0.10992886871099472,3.0383167978104696e-05,0.234375
0.11293826997280121,3.0372904550119737e-05,0.203125
0.13301114737987518,3.036264112213479e-05,0.09375
0.11477644741535187,3.035237769414985e-05,0.265625
0.13411447405815125,3.0342114266164905e-05,0.125
0.12174569070339203,3.033185083817996e-05,0.1875
0.1367541253566742,3.0321587410195e-05,0.140625
0.10962266474962234,3.0311323982210073e-05,0.171875
0.11013408750295639,3.0301060554225114e-05,0.15625
0.11623919755220413,3.0290797126240167e-05,0.1875
0.14123956859111786,3.028053369825522e-05,0.09375
0.13041500747203827,3.027027027027027e-05,0.125
0.12796412408351898,3.0260006842285336e-05,0.21875
0.1207832545042038,3.0249743414300376e-05,0.109375
0.11837001889944077,3.023947998631543e-05,0.15625
0.12301157414913177,3.022921655833049e-05,0.15625
0.114400714635849,3.021895313034553e-05,0.125
0.13067728281021118,3.0208689702360598e-05,0.078125
0.13587193191051483,3.019842627437564e-05,0.125
0.12477150559425354,3.01881628463907e-05,0.171875
0.1257936805486679,3.0177899418405753e-05,0.1875
0.11711802333593369,3.0167635990420793e-05,0.15625
0.12414851784706116,3.015737256243586e-05,0.15625
0.11671268939971924,3.0147109134450908e-05,0.234375
0.12293005734682083,3.0136845706465962e-05,0.21875
0.13293881714344025,3.0126582278481016e-05,0.125
0.11080721020698547,3.011631885049607e-05,0.171875
0.1238018348813057,3.010605542251113e-05,0.171875
0.12792310118675232,3.009579199452617e-05,0.25
0.10672023147344589,3.0085528566541224e-05,0.265625
0.12173913419246674,3.0075265138556278e-05,0.140625
0.12013135105371475,3.006500171057134e-05,0.125
0.1303788274526596,3.0054738282586393e-05,0.203125
0.12189473956823349,3.0044474854601433e-05,0.140625
0.13345691561698914,3.00342114266165e-05,0.078125
0.13981357216835022,3.0023947998631547e-05,0.15625
0.12310123443603516,3.00136845706466e-05,0.125
0.12114182859659195,3.0003421142661655e-05,0.171875
0.11440708488225937,2.9993157714676695e-05,0.1875
0.13344575464725494,2.9982894286691763e-05,0.125
0.13495002686977386,2.997263085870681e-05,0.140625
0.11985920369625092,2.9962367430721864e-05,0.125
0.11978311836719513,2.9952104002736918e-05,0.09375
0.13089542090892792,2.9941840574751965e-05,0.140625
0.12635326385498047,2.9931577146767032e-05,0.078125
0.11699698865413666,2.9921313718782072e-05,0.140625
0.10527173429727554,2.9911050290797126e-05,0.171875
0.12091947346925735,2.990078686281218e-05,0.15625
0.12525245547294617,2.9890523434827227e-05,0.15625
0.1074957475066185,2.9880260006842295e-05,0.15625
0.12133960425853729,2.9869996578857335e-05,0.203125
0.12712490558624268,2.985973315087239e-05,0.1875
0.12464554607868195,2.984946972288745e-05,0.125
0.12799058854579926,2.9839206294902503e-05,0.15625
0.11961778998374939,2.9828942866917557e-05,0.25
0.13088874518871307,2.9818679438932597e-05,0.21875
0.11646237224340439,2.9808416010947658e-05,0.21875
0.12597160041332245,2.9798152582962712e-05,0.140625
0.11941302567720413,2.9787889154977766e-05,0.171875
0.1508762091398239,2.977762572699282e-05,0.140625
0.12859344482421875,2.9767362299007867e-05,0.171875
0.11881500482559204,2.9757098871022934e-05,0.171875
0.13039949536323547,2.9746835443037974e-05,0.171875
0.12987421452999115,2.973657201505303e-05,0.125
0.13305571675300598,2.972630858706809e-05,0.140625
0.13314509391784668,2.971604515908313e-05,0.1875
0.1164337620139122,2.9705781731098197e-05,0.1875
0.12602536380290985,2.9695518303113237e-05,0.1875
0.13091814517974854,2.9685254875128298e-05,0.15625
0.11928335577249527,2.967499144714335e-05,0.15625
0.12793931365013123,2.9664728019158392e-05,0.125
0.12433268874883652,2.965446459117346e-05,0.1875
0.13446222245693207,2.9644201163188506e-05,0.125
0.1309719681739807,2.963393773520356e-05,0.078125
0.12556640803813934,2.9623674307218614e-05,0.140625
0.1347632259130478,2.9613410879233654e-05,0.09375
0.12083151936531067,2.960314745124873e-05,0.1875
0.11232799291610718,2.959288402326377e-05,0.125
0.11627967655658722,2.9582620595278823e-05,0.1875
0.11973278224468231,2.9572357167293877e-05,0.140625
0.1196473091840744,2.9562093739308937e-05,0.203125
0.1080012395977974,2.955183031132399e-05,0.203125
0.12120898813009262,2.954156688333903e-05,0.109375
0.11205203831195831,2.9531303455354085e-05,0.1875
0.12435617297887802,2.9521040027369146e-05,0.1875
0.12990069389343262,2.95107765993842e-05,0.140625
0.1289176046848297,2.9500513171399254e-05,0.109375
0.10789599269628525,2.9490249743414294e-05,0.21875
0.11713963747024536,2.9479986315429368e-05,0.125
0.12130554020404816,2.946972288744441e-05,0.234375
0.11143966019153595,2.9459459459459462e-05,0.28125
0.14425544440746307,2.9449196031474516e-05,0.15625
0.13519170880317688,2.9438932603489563e-05,0.078125
0.1356043666601181,2.942866917550463e-05,0.1875
0.1273595541715622,2.941840574751967e-05,0.25
0.10309771448373795,2.9408142319534725e-05,0.265625
0.11421139538288116,2.9397878891549785e-05,0.265625
0.1295357346534729,2.9387615463564826e-05,0.09375
0.12739217281341553,2.9377352035579893e-05,0.171875
0.13560399413108826,2.9367088607594933e-05,0.09375
0.11384610086679459,2.9356825179609994e-05,0.234375
0.13491588830947876,2.9346561751625048e-05,0.140625
0.11316648870706558,2.9336298323640088e-05,0.203125
0.13696236908435822,2.9326034895655156e-05,0.140625
0.1363246887922287,2.9315771467670203e-05,0.15625
0.1207754984498024,2.9305508039685257e-05,0.125
0.12378104031085968,2.929524461170031e-05,0.15625
0.1263488084077835,2.9284981183715364e-05,0.140625
0.11517993360757828,2.9274717755730425e-05,0.078125
0.12652036547660828,2.9264454327745465e-05,0.140625
0.13108935952186584,2.925419089976052e-05,0.09375
0.13123677670955658,2.9243927471775573e-05,0.203125
0.12714746594429016,2.9233664043790634e-05,0.125
0.13245485723018646,2.9223400615805687e-05,0.078125
0.12051664292812347,2.9213137187820728e-05,0.1875
0.12084713578224182,2.9202873759835795e-05,0.109375
0.11924800276756287,2.9192610331850842e-05,0.125
0.12760327756404877,2.9182346903865896e-05,0.109375
0.11467719078063965,2.917208347588095e-05,0.140625
0.1237940788269043,2.916182004789599e-05,0.15625
0.12328628450632095,2.9151556619911064e-05,0.1875
0.12843498587608337,2.9141293191926105e-05,0.140625
0.11010602116584778,2.913102976394116e-05,0.203125
0.12254274636507034,2.9120766335956212e-05,0.140625
0.11918781697750092,2.911050290797126e-05,0.1875
0.13649295270442963,2.9100239479986327e-05,0.0625
0.11894947290420532,2.9089976052001367e-05,0.1875
0.14188072085380554,2.907971262401642e-05,0.125
0.11661729216575623,2.9069449196031482e-05,0.15625
0.11991646140813828,2.9059185768046522e-05,0.125
0.13167065382003784,2.904892234006159e-05,0.21875
0.11907535791397095,2.903865891207663e-05,0.234375
0.1309560239315033,2.902839548409169e-05,0.125
0.12191488593816757,2.9018132056106744e-05,0.09375
0.1192859634757042,2.9007868628121798e-05,0.203125
0.12400884926319122,2.8997605200136852e-05,0.125
0.1202898621559143,2.89873417721519e-05,0.171875
0.11862450838088989,2.8977078344166953e-05,0.203125
0.14116504788398743,2.8966814916182007e-05,0.109375
0.11832699179649353,2.895655148819706e-05,0.15625
0.12281962484121323,2.8946288060212114e-05,0.109375
0.14157335460186005,2.893602463222716e-05,0.140625
0.12740597128868103,2.892576120424223e-05,0.140625
0.12940293550491333,2.891549777625727e-05,0.15625
0.11720479279756546,2.8905234348272323e-05,0.109375
0.12429539114236832,2.8894970920287384e-05,0.171875
0.11548694223165512,2.8884707492302424e-05,0.1875
0.11593956500291824,2.887444406431749e-05,0.21875
0.13705118000507355,2.8864180636332532e-05,0.171875
0.1243036538362503,2.8853917208347592e-05,0.171875
0.12467531114816666,2.8843653780362646e-05,0.203125
0.1259828507900238,2.8833390352377687e-05,0.171875
0.1236216202378273,2.8823126924392754e-05,0.21875
0.14020632207393646,2.88128634964078e-05,0.15625
0.1382542848587036,2.8802600068422855e-05,0.171875
0.12847517430782318,2.879233664043791e-05,0.125
0.13739264011383057,2.878207321245295e-05,0.125
0.13509689271450043,2.8771809784468023e-05,0.125
0.12747840583324432,2.8761546356483064e-05,0.15625
0.11027556657791138,2.8751282928498117e-05,0.21875
0.13953182101249695,2.874101950051317e-05,0.125
0.1239229142665863,2.8730756072528232e-05,0.203125
0.11874962598085403,2.8720492644543286e-05,0.125
0.1464434713125229,2.8710229216558326e-05,0.125
0.1299879252910614,2.869996578857338e-05,0.171875
0.12319465726613998,2.868970236058844e-05,0.125
0.11440509557723999,2.8679438932603494e-05,0.171875
0.11789520829916,2.866917550461855e-05,0.09375
0.12079711258411407,2.865891207663359e-05,0.109375
0.11659232527017593,2.8648648648648663e-05,0.21875
0.12242940813302994,2.8638385220663703e-05,0.140625
0.12195557355880737,2.8628121792678757e-05,0.171875
0.123106449842453,2.861785836469381e-05,0.140625
0.11578698456287384,2.8607594936708858e-05,0.15625
0.13201597332954407,2.8597331508723925e-05,0.171875
0.11573022603988647,2.8587068080738966e-05,0.109375
0.10879925638437271,2.857680465275402e-05,0.203125
0.13062046468257904,2.856654122476908e-05,0.171875
0.13485221564769745,2.855627779678412e-05,0.125
0.12345387786626816,2.8546014368799188e-05,0.15625
0.11631973087787628,2.8535750940814228e-05,0.21875
0.12832994759082794,2.852548751282929e-05,0.125
0.11317732185125351,2.8515224084844343e-05,0.140625
0.12903928756713867,2.8504960656859383e-05,0.171875
0.12514297664165497,2.849469722887445e-05,0.09375
0.13197235763072968,2.8484433800889497e-05,0.125
0.1393251121044159,2.847417037290455e-05,0.0625
0.11891739070415497,2.8463906944919605e-05,0.15625
0.11840569972991943,2.845364351693466e-05,0.15625
0.1236291229724884,2.844338008894972e-05,0.078125
0.13139566779136658,2.843311666096476e-05,0.15625
0.13166889548301697,2.8422853232979814e-05,0.078125
0.1343647539615631,2.8412589804994868e-05,0.046875
0.10937180370092392,2.8402326377009928e-05,0.203125
0.11715486645698547,2.8392062949024982e-05,0.15625
0.11800569295883179,2.8381799521040022e-05,0.09375
0.10887381434440613,2.837153609305509e-05,0.203125
0.1206873208284378,2.8361272665070137e-05,0.125
0.1345863789319992,2.835100923708519e-05,0.1875
0.13713251054286957,2.8340745809100245e-05,0.046875
0.12958118319511414,2.8330482381115285e-05,0.140625
0.1099914163351059,2.832021895313036e-05,0.21875
0.109524667263031,2.83099555251454e-05,0.171875
0.14428108930587769,2.8299692097160453e-05,0.203125
0.12128225713968277,2.8289428669175507e-05,0.109375
0.12889055907726288,2.8279165241190554e-05,0.15625
0.1484633982181549,2.826890181320562e-05,0.125
0.12110009044408798,2.8258638385220662e-05,0.15625
0.12690715491771698,2.8248374957235716e-05,0.1875
0.11976183950901031,2.8238111529250776e-05,0.171875
0.12246445566415787,2.8227848101265817e-05,0.109375
0.12003900855779648,2.8217584673280884e-05,0.21875
0.1273951381444931,2.8207321245295925e-05,0.171875
0.13376975059509277,2.8197057817310985e-05,0.140625
0.14243006706237793,2.818679438932604e-05,0.171875
0.1319902241230011,2.8176530961341093e-05,0.234375
0.12220689654350281,2.8166267533356147e-05,0.140625
0.13052920997142792,2.8156004105371194e-05,0.109375
0.12896963953971863,2.8145740677386248e-05,0.0625
0.1238783448934555,2.81354772494013e-05,0.109375
0.13184905052185059,2.8125213821416355e-05,0.140625
0.11894997209310532,2.8114950393431416e-05,0.140625
0.12344871461391449,2.8104686965446456e-05,0.1875
0.14031623303890228,2.8094423537461524e-05,0.09375
0.1430129110813141,2.8084160109476564e-05,0.125
0.12711696326732635,2.8073896681491625e-05,0.15625
0.12630385160446167,2.806363325350668e-05,0.140625
0.11441166698932648,2.805336982552172e-05,0.1875
0.11556283384561539,2.8043106397536786e-05,0.078125
0.12245091050863266,2.8032842969551833e-05,0.09375
0.12323203682899475,2.8022579541566887e-05,0.125
0.13566835224628448,2.801231611358194e-05,0.15625
0.11711543798446655,2.800205268559698e-05,0.203125
0.13233435153961182,2.799178925761205e-05,0.09375
0.11511234939098358,2.7981525829627096e-05,0.1875
0.11554820835590363,2.797126240164215e-05,0.171875
0.10585478693246841,2.7960998973657204e-05,0.1875
0.12930923700332642,2.795073554567225e-05,0.125
0.13262517750263214,2.7940472117687318e-05,0.140625
0.10988634824752808,2.793020868970236e-05,0.15625
0.14925163984298706,2.7919945261717412e-05,0.140625
0.12416864931583405,2.7909681833732466e-05,0.15625
0.1251417100429535,2.7899418405747527e-05,0.15625
0.12270243465900421,2.788915497776258e-05,0.140625
0.12278350442647934,2.787889154977762e-05,0.234375
0.10702358186244965,2.7868628121792675e-05,0.3125
0.13015957176685333,2.7858364693807735e-05,0.25
0.12435591220855713,2.784810126582279e-05,0.1875
0.1141371801495552,2.7837837837837843e-05,0.171875
0.13597999513149261,2.7827574409852883e-05,0.1875
0.10998152196407318,2.7817310981867958e-05,0.21875
0.12363608181476593,2.7807047553882998e-05,0.21875
0.12156250327825546,2.7796784125898052e-05,0.1875
0.12774328887462616,2.7786520697913106e-05,0.1875
0.12616020441055298,2.7776257269928153e-05,0.203125
0.12571199238300323,2.776599384194322e-05,0.203125
0.12395279109477997,2.775573041395826e-05,0.140625
0.11638391762971878,2.7745466985973314e-05,0.171875
0.12547209858894348,2.7735203557988375e-05,0.15625
0.13651280105113983,2.7724940130003415e-05,0.140625
0.10889489948749542,2.7714676702018483e-05,0.234375
0.13078202307224274,2.7704413274033523e-05,0.125
0.13159851729869843,2.7694149846048584e-05,0.171875
0.12113425135612488,2.7683886418063637e-05,0.140625
0.123296819627285,2.7673622990078678e-05,0.171875
0.12238026410341263,2.7663359562093745e-05,0.15625
0.1305633783340454,2.7653096134108792e-05,0.0625
0.1327950656414032,2.7642832706123846e-05,0.09375
0.1185186356306076,2.76325692781389e-05,0.140625
0.11416909098625183,2.7622305850153954e-05,0.15625
0.12964574992656708,2.7612042422169014e-05,0.171875
0.1104583814740181,2.7601778994184055e-05,0.203125
0.12769794464111328,2.759151556619911e-05,0.109375
0.12306506931781769,2.7581252138214162e-05,0.21875
0.12626075744628906,2.7570988710229223e-05,0.125
0.1277163326740265,2.7560725282244277e-05,0.203125
0.12239812314510345,2.7550461854259317e-05,0.203125
0.13473930954933167,2.7540198426274385e-05,0.078125
0.14039269089698792,2.7529934998289432e-05,0.125
0.13787199556827545,2.7519671570304486e-05,0.1875
0.12591074407100677,2.750940814231954e-05,0.15625
0.13968606293201447,2.749914471433458e-05,0.125
0.12296520173549652,2.7488881286349654e-05,0.15625
0.10077904909849167,2.7478617858364694e-05,0.28125
0.12237058579921722,2.7468354430379748e-05,0.109375
0.13081064820289612,2.7458091002394802e-05,0.078125
0.12603482604026794,2.744782757440985e-05,0.109375
0.11709735542535782,2.7437564146424916e-05,0.234375
0.1351868361234665,2.7427300718439957e-05,0.09375
0.11541105061769485,2.741703729045501e-05,0.109375
0.1297340989112854,2.740677386247007e-05,0.109375
0.12252748757600784,2.739651043448511e-05,0.125
0.1280379742383957,2.738624700650018e-05,0.09375
0.1411442756652832,2.737598357851522e-05,0.078125
0.13323524594306946,2.736572015053028e-05,0.078125
0.15416179597377777,2.7355456722545334e-05,0.109375
0.1398640275001526,2.7345193294560388e-05,0.109375
0.11107631027698517,2.733492986657544e-05,0.15625
0.11886516958475113,2.732466643859049e-05,0.15625
0.11851079761981964,2.7314403010605542e-05,0.09375
0.13585785031318665,2.7304139582620596e-05,0.078125
0.13042747974395752,2.729387615463565e-05,0.09375
0.11519411206245422,2.728361272665071e-05,0.09375
0.12708622217178345,2.727334929866575e-05,0.140625
0.13176493346691132,2.726308587068082e-05,0.15625
0.10800866037607193,2.725282244269586e-05,0.21875
0.13440434634685516,2.724255901471092e-05,0.1875
0.1237887367606163,2.7232295586725973e-05,0.1875
0.12336702644824982,2.7222032158741014e-05,0.171875
0.13964976370334625,2.721176873075608e-05,0.078125
0.11697670072317123,2.7201505302771128e-05,0.171875
0.12434285879135132,2.7191241874786182e-05,0.171875
0.13754186034202576,2.7180978446801236e-05,0.109375
0.12291326373815536,2.7170715018816276e-05,0.21875
0.11342693865299225,2.716045159083135e-05,0.234375
0.12217278778553009,2.715018816284639e-05,0.109375
0.129800945520401,2.7139924734861444e-05,0.09375
0.1352975219488144,2.71296613068765e-05,0.140625
0.14181683957576752,2.7119397878891545e-05,0.15625
0.10843110829591751,2.7109134450906613e-05,0.171875
0.12553930282592773,2.7098871022921653e-05,0.171875
0.135004922747612,2.7088607594936707e-05,0.15625
0.11918804049491882,2.7078344166951768e-05,0.125
0.12870100140571594,2.706808073896682e-05,0.1875
0.1326209157705307,2.7057817310981875e-05,0.109375
0.1071019247174263,2.7047553882996916e-05,0.15625
0.13122813403606415,2.7037290455011976e-05,0.125
0.1118239015340805,2.702702702702703e-05,0.140625
0.11978994309902191,2.7016763599042084e-05,0.140625
0.12204273045063019,2.7006500171057138e-05,0.078125
0.13889732956886292,2.6996236743072185e-05,0.09375
0.11079514026641846,2.6985973315087252e-05,0.09375
0.11677767336368561,2.6975709887102293e-05,0.125
0.1378837674856186,2.6965446459117347e-05,0.09375
0.11912310868501663,2.69551830311324e-05,0.09375
0.11831709742546082,2.6944919603147447e-05,0.171875
0.11759403347969055,2.6934656175162515e-05,0.21875
0.12503895163536072,2.6924392747177555e-05,0.109375
0.1062275692820549,2.691412931919261e-05,0.15625
0.11020608246326447,2.690386589120767e-05,0.21875
0.1218668669462204,2.689360246322271e-05,0.078125
0.1291353553533554,2.6883339035237777e-05,0.1875
0.13390231132507324,2.6873075607252818e-05,0.203125
0.1233343631029129,2.686281217926788e-05,0.21875
0.12648504972457886,2.6852548751282932e-05,0.125
0.12067969143390656,2.6842285323297973e-05,0.15625
0.13246773183345795,2.683202189531304e-05,0.203125
0.12368601560592651,2.6821758467328087e-05,0.15625
0.12343759834766388,2.681149503934314e-05,0.203125
0.1363123506307602,2.6801231611358195e-05,0.203125
0.12321723252534866,2.679096818337325e-05,0.171875
0.13370758295059204,2.678070475538831e-05,0.140625
0.1325065940618515,2.677044132740335e-05,0.109375
0.12838944792747498,2.6760177899418403e-05,0.109375
0.12743376195430756,2.6749914471433457e-05,0.125
0.12850256264209747,2.6739651043448518e-05,0.171875
0.14003191888332367,2.6729387615463572e-05,0.171875
0.11976540833711624,2.6719124187478612e-05,0.203125
0.12182224541902542,2.670886075949368e-05,0.140625
0.1357842981815338,2.6698597331508727e-05,0.09375
0.12766827642917633,2.668833390352378e-05,0.140625
0.11614372581243515,2.6678070475538834e-05,0.140625
0.12519916892051697,2.6667807047553875e-05,0.15625
0.1258404701948166,2.665754361956895e-05,0.078125
0.13008715212345123,2.664728019158399e-05,0.125
0.10881996899843216,2.6637016763599043e-05,0.15625
0.115162193775177,2.6626753335614097e-05,0.125
0.13007794320583344,2.6616489907629144e-05,0.09375
0.11865683645009995,2.660622647964421e-05,0.140625
0.12498682737350464,2.659596305165925e-05,0.078125
0.12471408396959305,2.6585699623674305e-05,0.109375
0.12997734546661377,2.6575436195689366e-05,0.09375
0.1509445458650589,2.6565172767704406e-05,0.046875
0.12406089156866074,2.6554909339719474e-05,0.15625
0.12115295976400375,2.6544645911734514e-05,0.125
0.10960420966148376,2.6534382483749575e-05,0.203125
0.14210687577724457,2.652411905576463e-05,0.0625
0.11232034116983414,2.6513855627779682e-05,0.09375
0.13770969212055206,2.6503592199794736e-05,0.078125
0.11206557601690292,2.6493328771809783e-05,0.203125
0.1310102492570877,2.6483065343824837e-05,0.09375
0.11603064090013504,2.647280191583989e-05,0.09375
0.10837522894144058,2.6462538487854945e-05,0.1875
0.12608125805854797,2.6452275059870006e-05,0.15625
0.1049199178814888,2.6442011631885046e-05,0.15625
0.13444381952285767,2.6431748203900113e-05,0.125
0.12419118732213974,2.6421484775915154e-05,0.078125
0.1212708055973053,2.6411221347930214e-05,0.203125
0.11985325813293457,2.6400957919945268e-05,0.203125
0.1345275640487671,2.639069449196031e-05,0.171875
0.1308833211660385,2.6380431063975376e-05,0.171875
0.11254477500915527,2.6370167635990423e-05,0.25
0.11458389461040497,2.6359904208005477e-05,0.21875
0.11681583523750305,2.634964078002053e-05,0.1875
0.13629478216171265,2.633937735203557e-05,0.140625
0.13593220710754395,2.6329113924050645e-05,0.109375
0.12012891471385956,2.6318850496065685e-05,0.171875
0.12151296436786652,2.630858706808074e-05,0.1875
0.11697083711624146,2.6298323640095793e-05,0.265625
0.11784178018569946,2.628806021211084e-05,0.28125
0.11633481830358505,2.6277796784125908e-05,0.234375
0.13556617498397827,2.6267533356140948e-05,0.09375
0.12418372929096222,2.6257269928156002e-05,0.125
0.1301582306623459,2.6247006500171062e-05,0.09375
0.1329103410243988,2.6236743072186116e-05,0.109375
0.11439022421836853,2.622647964420117e-05,0.1875
0.11785563826560974,2.621621621621621e-05,0.125
0.13516555726528168,2.620595278823127e-05,0.09375
0.11620482802391052,2.6195689360246325e-05,0.171875
0.11576256901025772,2.618542593226138e-05,0.171875
0.10952981561422348,2.6175162504276433e-05,0.21875
0.12598364055156708,2.616489907629148e-05,0.15625
0.1307704597711563,2.6154635648306547e-05,0.109375
0.12372491508722305,2.6144372220321587e-05,0.109375
0.1240285113453865,2.613410879233664e-05,0.171875
0.12072893977165222,2.6123845364351702e-05,0.21875
0.12682434916496277,2.6113581936366742e-05,0.125
0.1262694150209427,2.610331850838181e-05,0.15625
0.11160118877887726,2.609305508039685e-05,0.171875
0.12368158251047134,2.608279165241191e-05,0.171875
0.11458630859851837,2.6072528224426964e-05,0.171875
0.10582306236028671,2.6062264796442005e-05,0.15625
0.13857333362102509,2.6052001368457072e-05,0.140625
0.09825870394706726,2.604173794047212e-05,0.203125
0.11108402162790298,2.6031474512487173e-05,0.21875
0.11813010275363922,2.6021211084502227e-05,0.171875
0.12834113836288452,2.6010947656517267e-05,0.203125
0.12551923096179962,2.6000684228532335e-05,0.125
0.11369336396455765,2.5990420800547382e-05,0.25
0.12677451968193054,2.5980157372562436e-05,0.15625
0.11416275799274445,2.596989394457749e-05,0.140625
0.12219344079494476,2.5959630516592543e-05,0.140625
0.11537591367959976,2.5949367088607604e-05,0.234375
0.1330772489309311,2.5939103660622644e-05,0.1875
0.12840552628040314,2.5928840232637712e-05,0.15625
0.12316624075174332,2.5918576804652752e-05,0.15625
0.10414335131645203,2.5908313376667813e-05,0.234375
0.12282858043909073,2.5898049948682867e-05,0.21875
0.12494011223316193,2.5887786520697907e-05,0.1875
0.12976346909999847,2.5877523092712974e-05,0.109375
0.10726273059844971,2.586725966472802e-05,0.171875
0.11987068504095078,2.5856996236743075e-05,0.140625
0.14375996589660645,2.584673280875813e-05,0.09375
0.13059332966804504,2.583646938077317e-05,0.109375
0.1110956221818924,2.5826205952788244e-05,0.203125
0.10502854734659195,2.5815942524803284e-05,0.234375
0.1254492551088333,2.5805679096818338e-05,0.171875
0.11485853046178818,2.579541566883339e-05,0.25
0.126530721783638,2.578515224084844e-05,0.140625
0.12855786085128784,2.5774888812863506e-05,0.140625
0.11439989507198334,2.5764625384878546e-05,0.109375
0.12078239768743515,2.57543619568936e-05,0.171875
0.11977947503328323,2.574409852890866e-05,0.109375
0.11385716497898102,2.57338351009237e-05,0.171875
0.1044764369726181,2.572357167293877e-05,0.1875
0.13281473517417908,2.571330824495381e-05,0.109375
0.12025079131126404,2.570304481696887e-05,0.140625
0.12509047985076904,2.5692781388983923e-05,0.140625
0.1227877214550972,2.5682517960998977e-05,0.1875
0.12040108442306519,2.567225453301403e-05,0.140625
0.12286927551031113,2.5661991105029078e-05,0.140625
0.12271680682897568,2.5651727677044146e-05,0.0625
0.12609443068504333,2.5641464249059186e-05,0.203125
0.12534058094024658,2.563120082107424e-05,0.203125
0.1258842647075653,2.56209373930893e-05,0.15625
0.11639106273651123,2.561067396510434e-05,0.203125
0.12608687579631805,2.5600410537119408e-05,0.1875
0.1225215420126915,2.559014710913445e-05,0.15625
0.12252207100391388,2.557988368114951e-05,0.15625
0.13738708198070526,2.5569620253164563e-05,0.09375
0.11912360042333603,2.5559356825179603e-05,0.21875
0.1419530212879181,2.554909339719467e-05,0.140625
0.10451193153858185,2.5538829969209718e-05,0.234375
0.11453671753406525,2.552856654122477e-05,0.1875
0.13408957421779633,2.5518303113239825e-05,0.125
0.12079936265945435,2.5508039685254866e-05,0.125
0.14996309578418732,2.549777625726994e-05,0.125
0.10408740490674973,2.548751282928498e-05,0.265625
0.1224394142627716,2.5477249401300034e-05,0.1875
0.13562270998954773,2.5466985973315088e-05,0.046875
0.13412384688854218,2.5456722545330135e-05,0.15625
0.11266232281923294,2.5446459117345202e-05,0.140625
0.13605262339115143,2.5436195689360243e-05,0.09375
0.11022709310054779,2.5425932261375297e-05,0.15625
0.1285000890493393,2.5415668833390357e-05,0.1875
0.11330197006464005,2.540540540540541e-05,0.15625
0.11679822951555252,2.5395141977420465e-05,0.125
0.13378679752349854,2.5384878549435505e-05,0.09375
0.11978475749492645,2.537461512145058e-05,0.140625
0.12755486369132996,2.536435169346562e-05,0.109375
0.13983362913131714,2.5354088265480674e-05,0.15625
0.133181631565094,2.5343824837495727e-05,0.140625
0.11023345589637756,2.5333561409510775e-05,0.1875
0.13865156471729279,2.5323297981525842e-05,0.15625
0.12652228772640228,2.5313034553540882e-05,0.0625
0.11511421203613281,2.5302771125555936e-05,0.078125
0.12447740882635117,2.5292507697570997e-05,0.078125
0.13804790377616882,2.5282244269586037e-05,0.078125
0.10987228155136108,2.5271980841601104e-05,0.15625
0.12473244965076447,2.5261717413616145e-05,0.171875
0.12933418154716492,2.5251453985631202e-05,0.09375
0.13065409660339355,2.524119055764626e-05,0.09375
0.12496049702167511,2.52309271296613e-05,0.15625
0.14935491979122162,2.5220663701676367e-05,0.078125
0.11805827170610428,2.521040027369141e-05,0.15625
0.12602971494197845,2.5200136845706468e-05,0.1875
0.11997102200984955,2.5189873417721522e-05,0.234375
0.14853470027446747,2.5179609989736562e-05,0.109375
0.12088096141815186,2.5169346561751633e-05,0.15625
0.12574641406536102,2.5159083133766677e-05,0.140625
0.12411952018737793,2.514881970578173e-05,0.109375
0.12100625038146973,2.5138556277796784e-05,0.125
0.10970135033130646,2.512829284981184e-05,0.203125
0.11945078521966934,2.51180294218269e-05,0.09375
0.10768026113510132,2.510776599384194e-05,0.234375
0.11618432402610779,2.5097502565857006e-05,0.203125
0.1305781602859497,2.508723913787205e-05,0.140625
0.126880943775177,2.5076975709887107e-05,0.125
0.12744876742362976,2.506671228190216e-05,0.125
0.1186392679810524,2.50564488539172e-05,0.109375
0.13766534626483917,2.5046185425932272e-05,0.1875
0.11964192241430283,2.5035921997947316e-05,0.203125
0.12279921770095825,2.502565856996237e-05,0.109375
0.12626197934150696,2.5015395141977424e-05,0.21875
0.10784856230020523,2.5005131713992467e-05,0.265625
0.11525329202413559,2.4994868286007538e-05,0.171875
0.12135126441717148,2.498460485802258e-05,0.21875
0.12487311661243439,2.4974341430037632e-05,0.140625
0.12111298739910126,2.496407800205269e-05,0.203125
0.12986868619918823,2.4953814574067733e-05,0.234375
0.1413998305797577,2.49435511460828e-05,0.078125
0.12182198464870453,2.493328771809784e-05,0.15625
0.13035252690315247,2.49230242901129e-05,0.203125
0.12389326840639114,2.4912760862127956e-05,0.203125
0.13378363847732544,2.4902497434142996e-05,0.140625
0.1314542442560196,2.4892234006158063e-05,0.203125
0.12571249902248383,2.4881970578173107e-05,0.15625
0.11216413974761963,2.4871707150188164e-05,0.125
0.12775243818759918,2.4861443722203218e-05,0.109375
0.1094442680478096,2.4851180294218272e-05,0.140625
0.10186687856912613,2.484091686623333e-05,0.1875
0.12429656088352203,2.4830653438248373e-05,0.109375
0.1373470276594162,2.482039001026344e-05,0.15625
0.12443358451128006,2.481012658227848e-05,0.125
0.13103529810905457,2.4799863154293538e-05,0.09375
0.12528590857982635,2.4789599726308595e-05,0.125
0.11570926010608673,2.4779336298323635e-05,0.171875
0.11489322036504745,2.4769072870338703e-05,0.171875
0.11713314801454544,2.4758809442353747e-05,0.125
0.11020567268133163,2.4748546014368804e-05,0.125
0.11209221184253693,2.4738282586383858e-05,0.203125
0.1281694620847702,2.4728019158398898e-05,0.15625
0.12814028561115265,2.471775573041397e-05,0.15625
0.10669279843568802,2.4707492302429012e-05,0.21875
0.1315407156944275,2.4697228874444066e-05,0.125
0.12030158191919327,2.468696544645912e-05,0.203125
0.12912693619728088,2.4676702018474164e-05,0.21875
0.13752220571041107,2.4666438590489235e-05,0.203125
0.12519076466560364,2.4656175162504275e-05,0.171875
0.11919514834880829,2.464591173451933e-05,0.203125
0.11572594940662384,2.4635648306534386e-05,0.125
0.14509396255016327,2.462538487854943e-05,0.109375
0.1074400320649147,2.4615121450564497e-05,0.234375
0.11277005076408386,2.4604858022579537e-05,0.25
0.1230105608701706,2.4594594594594595e-05,0.171875
0.10890419781208038,2.4584331166609652e-05,0.1875
0.11637288331985474,2.4574067738624706e-05,0.21875
0.11918066442012787,2.456380431063976e-05,0.25
0.11390950530767441,2.4553540882654803e-05,0.21875
0.1362554281949997,2.454327745466987e-05,0.09375
0.14193663001060486,2.4533014026684914e-05,0.1875
0.10234379023313522,2.452275059869997e-05,0.234375
0.11537562310695648,2.4512487170715022e-05,0.203125
0.1462840735912323,2.450222374273007e-05,0.109375
0.13217446208000183,2.4491960314745137e-05,0.125
0.12676624953746796,2.4481696886760177e-05,0.109375
0.12000700831413269,2.447143345877523e-05,0.1875
0.11995664983987808,2.4461170030790288e-05,0.171875
0.11840267479419708,2.4450906602805332e-05,0.125
0.12713944911956787,2.44406431748204e-05,0.171875
0.12191172689199448,2.443037974683544e-05,0.234375
0.13519641757011414,2.4420116318850497e-05,0.09375
0.10508355498313904,2.4409852890865554e-05,0.234375
0.12459734827280045,2.4399589462880594e-05,0.15625
0.13043498992919922,2.4389326034895662e-05,0.171875
0.09601149708032608,2.4379062606910705e-05,0.265625
0.12235085666179657,2.4368799178925763e-05,0.25
0.12480712682008743,2.4358535750940817e-05,0.171875
0.1311599761247635,2.4348272322955857e-05,0.140625
0.12468753010034561,2.4338008894970928e-05,0.140625
0.1211368590593338,2.432774546698597e-05,0.1875
0.1130133718252182,2.4317482039001025e-05,0.203125
0.12290963530540466,2.430721861101608e-05,0.203125
0.12212580442428589,2.4296955183031136e-05,0.234375
0.11595417559146881,2.4286691755046194e-05,0.203125
0.13675062358379364,2.4276428327061234e-05,0.109375
0.13122273981571198,2.42661648990763e-05,0.15625
0.10895372182130814,2.4255901471091345e-05,0.109375
0.11865224689245224,2.4245638043106402e-05,0.125
0.12631627917289734,2.4235374615121456e-05,0.171875
0.12529787421226501,2.4225111187136496e-05,0.171875
0.15050017833709717,2.4214847759151567e-05,0.046875
0.13350039720535278,2.420458433116661e-05,0.109375
0.13953588902950287,2.4194320903181665e-05,0.140625
0.12541387975215912,2.418405747519672e-05,0.15625
0.12417691946029663,2.4173794047211762e-05,0.15625
0.11096537858247757,2.4163530619226833e-05,0.140625
0.12334606051445007,2.4153267191241873e-05,0.171875
0.12135536968708038,2.4143003763256927e-05,0.140625
0.12543316185474396,2.4132740335271984e-05,0.15625
0.10836607217788696,2.4122476907287028e-05,0.171875
0.11570467054843903,2.4112213479302096e-05,0.203125
0.1351335048675537,2.4101950051317136e-05,0.171875
0.1155095249414444,2.4091686623332193e-05,0.234375
0.1275469809770584,2.408142319534725e-05,0.15625
0.11428956687450409,2.407115976736229e-05,0.109375
0.10949951410293579,2.4060896339377358e-05,0.28125
0.11571750044822693,2.4050632911392402e-05,0.1875
0.1301567405462265,2.404036948340746e-05,0.1875
0.11568856984376907,2.4030106055422513e-05,0.1875
0.11253169924020767,2.4019842627437567e-05,0.125
0.12922045588493347,2.4009579199452624e-05,0.15625
0.12069762498140335,2.3999315771467668e-05,0.125
0.12518151104450226,2.3989052343482735e-05,0.171875
0.13387010991573334,2.3978788915497775e-05,0.09375
0.13686244189739227,2.3968525487512833e-05,0.109375
0.12719660997390747,2.395826205952789e-05,0.125
0.14315791428089142,2.394799863154293e-05,0.109375
0.10857681185007095,2.3937735203557998e-05,0.21875
0.12636485695838928,2.392747177557304e-05,0.078125
0.12945932149887085,2.39172083475881e-05,0.125
0.13086554408073425,2.3906944919603152e-05,0.109375
0.12814533710479736,2.3896681491618193e-05,0.09375
0.1274251788854599,2.3886418063633264e-05,0.203125
0.11456848680973053,2.3876154635648307e-05,0.125
0.13069432973861694,2.386589120766336e-05,0.125
0.13527841866016388,2.3855627779678415e-05,0.1875
0.12692062556743622,2.384536435169346e-05,0.109375
0.12372312694787979,2.383510092370853e-05,0.1875
0.12571871280670166,2.382483749572357e-05,0.140625
0.1379200667142868,2.3814574067738624e-05,0.125
0.13233834505081177,2.380431063975368e-05,0.171875
0.10758847743272781,2.3794047211768738e-05,0.203125
0.12779907882213593,2.3783783783783792e-05,0.09375
0.11858054250478745,2.3773520355798832e-05,0.109375
0.12245923280715942,2.376325692781389e-05,0.09375
0.12968318164348602,2.3752993499828947e-05,0.171875
0.11366385966539383,2.3742730071844e-05,0.140625
0.10670314729213715,2.3732466643859054e-05,0.140625
0.12083993852138519,2.3722203215874098e-05,0.140625
0.12998688220977783,2.371193978788917e-05,0.09375
0.1253521889448166,2.370167635990421e-05,0.140625
0.11124470084905624,2.3691412931919263e-05,0.21875
0.11093191057443619,2.368114950393432e-05,0.234375
0.13766203820705414,2.3670886075949364e-05,0.125
0.1177370622754097,2.366062264796443e-05,0.15625
0.12438125908374786,2.3650359219979472e-05,0.09375
0.11872150748968124,2.364009579199453e-05,0.234375
0.11780969053506851,2.3629832364009586e-05,0.1875
0.11161836236715317,2.3619568936024627e-05,0.171875
0.10353170335292816,2.3609305508039694e-05,0.203125
0.11295647919178009,2.3599042080054738e-05,0.1875
0.11932308226823807,2.3588778652069795e-05,0.171875
0.11942404508590698,2.357851522408485e-05,0.140625
0.12501129508018494,2.356825179609989e-05,0.140625
0.11885474622249603,2.3557988368114957e-05,0.171875
0.12519678473472595,2.3547724940130004e-05,0.171875
0.11599341779947281,2.3537461512145057e-05,0.140625
0.11204800009727478,2.352719808416011e-05,0.1875
0.12086034566164017,2.3516934656175165e-05,0.21875
0.1464175283908844,2.3506671228190222e-05,0.1875
0.12459687888622284,2.3496407800205266e-05,0.1875
0.11559496819972992,2.348614437222032e-05,0.1875
0.12235765159130096,2.3475880944235374e-05,0.25
0.11481818556785583,2.346561751625043e-05,0.15625
0.11721596121788025,2.345535408826549e-05,0.21875
0.10465212166309357,2.344509066028053e-05,0.234375
0.1289045810699463,2.3434827232295596e-05,0.109375
0.11315926909446716,2.342456380431064e-05,0.234375
0.12039198726415634,2.3414300376325697e-05,0.15625
0.12461582571268082,2.340403694834075e-05,0.171875
0.12348885834217072,2.339377352035579e-05,0.109375
0.11813507229089737,2.3383510092370862e-05,0.125
0.10069876164197922,2.3373246664385906e-05,0.1875
0.1105571985244751,2.336298323640096e-05,0.140625
0.13678300380706787,2.3352719808416013e-05,0.140625
0.11769969016313553,2.3342456380431057e-05,0.140625
0.1273544430732727,2.3332192952446128e-05,0.109375
0.122195303440094,2.3321929524461168e-05,0.1875
0.12010107189416885,2.3311666096476222e-05,0.3125
0.11030125617980957,2.330140266849128e-05,0.109375
0.12065520882606506,2.3291139240506323e-05,0.21875
0.11425630748271942,2.328087581252139e-05,0.15625
0.11912194639444351,2.327061238453643e-05,0.125
0.1122918501496315,2.3260348956551488e-05,0.203125
0.12253910303115845,2.3250085528566545e-05,0.171875
0.1384880095720291,2.32398221005816e-05,0.09375
0.12648099660873413,2.3229558672596653e-05,0.140625
0.12674281001091003,2.3219295244611697e-05,0.109375
0.11128400266170502,2.3209031816626754e-05,0.140625
0.12045753747224808,2.3198768388641808e-05,0.140625
0.13466672599315643,2.318850496065686e-05,0.140625
0.10259506106376648,2.317824153267192e-05,0.21875
0.10962185263633728,2.3167978104686962e-05,0.234375
0.1338287889957428,2.315771467670203e-05,0.140625
0.1145872250199318,2.314745124871707e-05,0.15625
0.11315096169710159,2.3137187820732127e-05,0.21875
0.1271747648715973,2.3126924392747185e-05,0.109375
0.11614815890789032,2.3116660964762225e-05,0.09375
0.15521298348903656,2.3106397536777292e-05,0.15625
0.12852641940116882,2.3096134108792336e-05,0.15625
0.11757055670022964,2.3085870680807393e-05,0.1875
0.12129922211170197,2.3075607252822447e-05,0.1875
0.12103679031133652,2.3065343824837488e-05,0.21875
0.13425402343273163,2.305508039685256e-05,0.09375
0.12205696851015091,2.3044816968867602e-05,0.125
0.12886923551559448,2.3034553540882656e-05,0.21875
0.12780603766441345,2.302429011289771e-05,0.078125
0.13526669144630432,2.3014026684912753e-05,0.15625
0.1293918937444687,2.3003763256927824e-05,0.125
0.12808504700660706,2.2993499828942865e-05,0.140625
0.13477599620819092,2.298323640095792e-05,0.125
0.13485753536224365,2.2972972972972976e-05,0.0625
0.12616556882858276,2.2962709544988033e-05,0.140625
0.12152360379695892,2.2952446117003087e-05,0.125
0.12443456053733826,2.2942182689018127e-05,0.203125
0.13145582377910614,2.2931919261033184e-05,0.1875
0.12867431342601776,2.292165583304824e-05,0.15625
0.12787601351737976,2.2911392405063295e-05,0.125
0.11443879455327988,2.290112897707835e-05,0.21875
0.13128826022148132,2.2890865549093393e-05,0.140625
0.12547551095485687,2.2880602121108464e-05,0.125
0.127466082572937,2.2870338693123504e-05,0.125
0.11637995392084122,2.2860075265138558e-05,0.1875
0.13055190443992615,2.2849811837153615e-05,0.171875
0.1290232539176941,2.283954840916866e-05,0.09375
0.11136959493160248,2.2829284981183726e-05,0.109375
0.10594065487384796,2.2819021553198767e-05,0.203125
0.11661860346794128,2.2808758125213824e-05,0.203125
0.13011865317821503,2.279849469722888e-05,0.15625
0.1126275435090065,2.278823126924392e-05,0.1875
0.11888477951288223,2.277796784125899e-05,0.140625
0.12282735109329224,2.2767704413274032e-05,0.125
0.11764375120401382,2.275744098528909e-05,0.15625
0.12116802483797073,2.2747177557304144e-05,0.15625
0.13287600874900818,2.2736914129319184e-05,0.15625
0.11649788171052933,2.2726650701334255e-05,0.15625
0.11021784693002701,2.27163872733493e-05,0.234375
0.11080468446016312,2.2706123845364352e-05,0.1875
0.13127067685127258,2.2695860417379406e-05,0.125
0.12103119492530823,2.2685596989394463e-05,0.109375
0.1408076286315918,2.267533356140952e-05,0.109375
0.13687902688980103,2.266507013342456e-05,0.1875
0.12186861783266068,2.2654806705439615e-05,0.15625
0.11734603345394135,2.2644543277454672e-05,0.171875
0.12527461349964142,2.263427984946973e-05,0.140625
0.12821301817893982,2.2624016421484783e-05,0.140625
0.11656185984611511,2.2613752993499823e-05,0.15625
0.13738274574279785,2.2603489565514894e-05,0.15625
0.13546106219291687,2.2593226137529938e-05,0.15625
0.11939100176095963,2.2582962709544992e-05,0.140625
0.10975754261016846,2.2572699281560046e-05,0.171875
0.12576007843017578,2.256243585357509e-05,0.140625
0.12315239757299423,2.2552172425590157e-05,0.125
0.1196594387292862,2.25419089976052e-05,0.15625
0.12838807702064514,2.2531645569620254e-05,0.171875
0.10804703086614609,2.2521382141635308e-05,0.1875
0.11368484795093536,2.2511118713650355e-05,0.171875
0.13039346039295197,2.2500855285665423e-05,0.15625
0.11680138856172562,2.2490591857680463e-05,0.203125
0.10835028439760208,2.2480328429695517e-05,0.15625
0.12203580141067505,2.2470065001710574e-05,0.046875
0.12243440747261047,2.2459801573725618e-05,0.25
0.13869790732860565,2.2449538145740685e-05,0.09375
0.11896438896656036,2.2439274717755725e-05,0.15625
0.12633994221687317,2.2429011289770783e-05,0.125
0.11498824506998062,2.241874786178584e-05,0.15625
0.13207457959651947,2.2408484433800894e-05,0.171875
0.12811966240406036,2.2398221005815948e-05,0.09375
0.12600131332874298,2.238795757783099e-05,0.171875
0.11876887083053589,2.237769414984605e-05,0.078125
0.11496601998806,2.2367430721861102e-05,0.140625
0.1313353180885315,2.2357167293876156e-05,0.203125
0.12663954496383667,2.2346903865891214e-05,0.171875
0.13642346858978271,2.2336640437906257e-05,0.09375
0.11629338562488556,2.2326377009921325e-05,0.140625
0.12003515660762787,2.2316113581936365e-05,0.140625
0.11911549419164658,2.2305850153951422e-05,0.203125
0.12124218791723251,2.229558672596648e-05,0.140625
0.1392754465341568,2.228532329798152e-05,0.109375
0.11907843500375748,2.2275059869996587e-05,0.21875
0.12443641573190689,2.226479644201163e-05,0.203125
0.13883261382579803,2.2254533014026688e-05,0.140625
0.1319810450077057,2.2244269586041742e-05,0.203125
0.12013914436101913,2.2234006158056782e-05,0.171875
0.1483789086341858,2.2223742730071853e-05,0.15625
0.12494634091854095,2.2213479302086897e-05,0.15625
0.11710995435714722,2.220321587410195e-05,0.15625
0.12786328792572021,2.2192952446117005e-05,0.171875
0.12514935433864594,2.2182689018132048e-05,0.15625
0.11609925329685211,2.217242559014712e-05,0.203125
0.13225217163562775,2.216216216216216e-05,0.078125
0.11702277511358261,2.2151898734177213e-05,0.171875
0.11859828233718872,2.214163530619227e-05,0.21875
0.10490674525499344,2.2131371878207328e-05,0.1875
0.12553277611732483,2.212110845022238e-05,0.1875
0.1329028308391571,2.2110845022237422e-05,0.171875
0.11701448261737823,2.210058159425248e-05,0.109375
0.12677429616451263,2.2090318166267536e-05,0.109375
0.11627258360385895,2.208005473828259e-05,0.171875
0.120125912129879,2.2069791310297644e-05,0.234375
0.12640269100666046,2.2059527882312688e-05,0.09375
0.12883466482162476,2.204926445432776e-05,0.1875
0.11685189604759216,2.20390010263428e-05,0.21875
0.14050988852977753,2.2028737598357853e-05,0.09375
0.11527760326862335,2.201847417037291e-05,0.15625
0.11300681531429291,2.2008210742387954e-05,0.125
0.1273297816514969,2.199794731440302e-05,0.125
0.14774803817272186,2.198768388641806e-05,0.125
0.12392829358577728,2.197742045843312e-05,0.140625
0.11466759443283081,2.1967157030448176e-05,0.234375
0.13628076016902924,2.1956893602463216e-05,0.078125
0.1228615865111351,2.1946630174478284e-05,0.09375
0.11787191033363342,2.1936366746493327e-05,0.1875
0.11864451318979263,2.1926103318508384e-05,0.171875
0.11153603345155716,2.191583989052344e-05,0.15625
0.12948442995548248,2.190557646253848e-05,0.078125
0.11898264288902283,2.189531303455355e-05,0.140625
0.1223907545208931,2.1885049606568593e-05,0.140625
0.12368784844875336,2.1874786178583647e-05,0.125
0.11608327180147171,2.18645227505987e-05,0.125
0.12638214230537415,2.1854259322613758e-05,0.125
0.12010679394006729,2.1843995894628815e-05,0.125
0.09614619612693787,2.1833732466643856e-05,0.15625
0.12227095663547516,2.182346903865891e-05,0.171875
0.11512225866317749,2.1813205610673967e-05,0.171875
0.122464120388031,2.1802942182689024e-05,0.109375
0.13368545472621918,2.1792678754704078e-05,0.109375
0.10980211198329926,2.1782415326719118e-05,0.171875
0.11751016974449158,2.177215189873419e-05,0.203125
0.13169561326503754,2.1761888470749233e-05,0.15625
0.12860959768295288,2.1751625042764287e-05,0.125
0.13303345441818237,2.174136161477934e-05,0.1875
0.12608933448791504,2.1731098186794384e-05,0.171875
0.12527348101139069,2.1720834758809455e-05,0.171875
0.11714387685060501,2.1710571330824495e-05,0.1875
0.11139033734798431,2.170030790283955e-05,0.15625
0.10842908173799515,2.1690044474854606e-05,0.1875
0.12428911030292511,2.167978104686965e-05,0.140625
0.12437880039215088,2.1669517618884717e-05,0.140625
0.12314236909151077,2.1659254190899758e-05,0.15625
0.11721701920032501,2.1648990762914815e-05,0.140625
0.12853136658668518,2.1638727334929872e-05,0.21875
0.133098766207695,2.1628463906944913e-05,0.109375
0.13807180523872375,2.161820047895998e-05,0.171875
0.1306983083486557,2.1607937050975024e-05,0.09375
0.12497100234031677,2.159767362299008e-05,0.109375
0.12260018289089203,2.1587410195005135e-05,0.15625
0.11536584794521332,2.157714676702019e-05,0.203125
0.1333703249692917,2.1566883339035246e-05,0.1875
0.1163482740521431,2.155661991105029e-05,0.1875
0.11988595873117447,2.1546356483065343e-05,0.09375
0.12667809426784515,2.1536093055080397e-05,0.140625
0.11258330941200256,2.1525829627095454e-05,0.21875
0.12459111958742142,2.151556619911051e-05,0.15625
0.11748023331165314,2.1505302771125552e-05,0.21875
0.11546419560909271,2.149503934314062e-05,0.171875
0.1238832026720047,2.148477591515566e-05,0.25
0.13482758402824402,2.1474512487170717e-05,0.0625
0.12342838943004608,2.1464249059185774e-05,0.171875
0.1299557387828827,2.1453985631200815e-05,0.15625
0.14171068370342255,2.1443722203215882e-05,0.09375
0.1225360706448555,2.1433458775230926e-05,0.109375
0.12670238316059113,2.1423195347245983e-05,0.125
0.10997083783149719,2.1412931919261037e-05,0.171875
0.11762095242738724,2.1402668491276077e-05,0.109375
0.12936186790466309,2.1392405063291148e-05,0.140625
0.11331244558095932,2.138214163530619e-05,0.171875
0.1232958659529686,2.1371878207321245e-05,0.125
0.11949107050895691,2.13616147793363e-05,0.140625
0.1191912442445755,2.1351351351351343e-05,0.046875
0.1369241625070572,2.1341087923366414e-05,0.171875
0.10259996354579926,2.1330824495381454e-05,0.21875
0.10596449673175812,2.1320561067396508e-05,0.265625
0.12851935625076294,2.1310297639411565e-05,0.046875
0.12851667404174805,2.1300034211426622e-05,0.171875
0.10354281961917877,2.1289770783441676e-05,0.203125
0.11975392699241638,2.1279507355456717e-05,0.1875
0.11038428544998169,2.1269243927471774e-05,0.125
0.10071220248937607,2.125898049948683e-05,0.1875
0.11714018881320953,2.1248717071501885e-05,0.203125
0.10671604424715042,2.123845364351694e-05,0.203125
0.11437792330980301,2.1228190215531983e-05,0.265625
0.1125086322426796,2.1217926787547053e-05,0.203125
0.12032967805862427,2.1207663359562094e-05,0.203125
0.12625250220298767,2.1197399931577147e-05,0.15625
0.1319998949766159,2.1187136503592205e-05,0.1875
0.12387605011463165,2.117687307560725e-05,0.234375
0.13077861070632935,2.1166609647622316e-05,0.203125
0.1151190847158432,2.1156346219637356e-05,0.21875
0.11389517784118652,2.1146082791652413e-05,0.25
0.11234260350465775,2.113581936366747e-05,0.21875
0.1426643431186676,2.112555593568251e-05,0.09375
0.12227310985326767,2.111529250769758e-05,0.1875
0.12371359765529633,2.1105029079712622e-05,0.09375
0.11623857915401459,2.109476565172768e-05,0.1875
0.12302584201097488,2.1084502223742733e-05,0.125
0.12105919420719147,2.1074238795757773e-05,0.125
0.12840187549591064,2.1063975367772844e-05,0.140625
0.11482169479131699,2.1053711939787888e-05,0.1875
0.12178447842597961,2.1043448511802942e-05,0.1875
0.1199738085269928,2.1033185083817996e-05,0.171875
0.1114489808678627,2.1022921655833053e-05,0.203125
0.13184329867362976,2.101265822784811e-05,0.109375
0.12668035924434662,2.100239479986315e-05,0.125
0.11428317427635193,2.0992131371878204e-05,0.234375
0.11346562206745148,2.098186794389326e-05,0.234375
0.12568321824073792,2.097160451590832e-05,0.09375
0.11951416730880737,2.0961341087923373e-05,0.0625
0.10465947538614273,2.0951077659938413e-05,0.1875
0.12363667041063309,2.0940814231953484e-05,0.171875
0.12069585174322128,2.0930550803968527e-05,0.09375
0.12141668796539307,2.092028737598358e-05,0.140625
0.13056370615959167,2.0910023947998635e-05,0.171875
0.12760017812252045,2.089976052001368e-05,0.234375
0.11505277454853058,2.088949709202875e-05,0.140625
0.12700970470905304,2.087923366404379e-05,0.140625
0.13192035257816315,2.0868970236058844e-05,0.140625
0.1298099160194397,2.08587068080739e-05,0.140625
0.09735792130231857,2.0848443380088945e-05,0.28125
0.14210213720798492,2.0838179952104012e-05,0.078125
0.12673072516918182,2.0827916524119052e-05,0.234375
0.110179103910923,2.081765309613411e-05,0.265625
0.11132678389549255,2.0807389668149167e-05,0.1875
0.13060668110847473,2.0797126240164207e-05,0.109375
0.12195972353219986,2.0786862812179275e-05,0.265625
0.13681381940841675,2.077659938419432e-05,0.078125
0.1154642179608345,2.0766335956209376e-05,0.125
0.12200914323329926,2.075607252822443e-05,0.1875
0.1300896853208542,2.0745809100239483e-05,0.171875
0.14252717792987823,2.073554567225454e-05,0.109375
0.11963542550802231,2.0725282244269584e-05,0.125
0.12273363023996353,2.0715018816284638e-05,0.15625
0.12352843582630157,2.0704755388299692e-05,0.171875
0.13750144839286804,2.069449196031475e-05,0.21875
0.11047679930925369,2.0684228532329807e-05,0.171875
0.11014425754547119,2.0673965104344847e-05,0.125
0.1303045153617859,2.0663701676359914e-05,0.125
0.1038203313946724,2.0653438248374958e-05,0.28125
0.12369628250598907,2.0643174820390015e-05,0.109375
0.11373008042573929,2.063291139240507e-05,0.125
0.11555195599794388,2.062264796442011e-05,0.140625
0.12528428435325623,2.061238453643518e-05,0.15625
0.12189777195453644,2.0602121108450224e-05,0.203125
0.12473952770233154,2.0591857680465278e-05,0.140625
0.11815852671861649,2.058159425248033e-05,0.140625
0.13067007064819336,2.0571330824495375e-05,0.09375
0.12527747452259064,2.0561067396510443e-05,0.078125
0.1112876832485199,2.0550803968525486e-05,0.15625
0.13197246193885803,2.054054054054054e-05,0.15625
0.1258981078863144,2.0530277112555597e-05,0.125
0.13180170953273773,2.052001368457064e-05,0.140625
0.13994243741035461,2.050975025658571e-05,0.171875
0.1298871636390686,2.049948682860075e-05,0.15625
0.1164686307311058,2.0489223400615806e-05,0.171875
0.12414886802434921,2.047895997263086e-05,0.109375
0.12181911617517471,2.0468696544645917e-05,0.125
0.12445324659347534,2.045843311666097e-05,0.125
0.11372359097003937,2.0448169688676015e-05,0.140625
0.12667308747768402,2.043790626069107e-05,0.15625
0.11794611811637878,2.0427642832706126e-05,0.109375
0.12697568535804749,2.041737940472118e-05,0.125
0.13651157915592194,2.0407115976736234e-05,0.171875
0.10505140572786331,2.0396852548751277e-05,0.203125
0.13757666945457458,2.0386589120766348e-05,0.125
0.11156278848648071,2.037632569278139e-05,0.171875
0.12989334762096405,2.0366062264796442e-05,0.171875
0.13064056634902954,2.03557988368115e-05,0.109375
0.11164766550064087,2.0345535408826543e-05,0.140625
0.11530350148677826,2.033527198084161e-05,0.09375
0.14024625718593597,2.032500855285665e-05,0.078125
0.1201128214597702,2.0314745124871708e-05,0.171875
0.13998551666736603,2.0304481696886765e-05,0.125
0.13216501474380493,2.0294218268901806e-05,0.09375
0.12192381173372269,2.0283954840916873e-05,0.203125
0.11690396070480347,2.0273691412931917e-05,0.171875
0.10592345148324966,2.0263427984946974e-05,0.125
0.1266488879919052,2.0253164556962028e-05,0.140625
0.12363407015800476,2.0242901128977068e-05,0.15625
0.1255013793706894,2.023263770099214e-05,0.09375
0.10874202102422714,2.0222374273007183e-05,0.1875
0.1301766037940979,2.0212110845022237e-05,0.21875
0.12196431308984756,2.020184741703729e-05,0.1875
0.13191059231758118,2.0191583989052348e-05,0.0625
0.12949076294898987,2.0181320561067405e-05,0.140625
0.11937819421291351,2.0171057133082445e-05,0.140625
0.14329570531845093,2.01607937050975e-05,0.078125
0.11492371559143066,2.0150530277112556e-05,0.140625
0.11765694618225098,2.0140266849127614e-05,0.171875
0.12589958310127258,2.0130003421142667e-05,0.125
0.10445911437273026,2.0119739993157708e-05,0.1875
0.1394639015197754,2.010947656517278e-05,0.171875
0.1338903158903122,2.0099213137187822e-05,0.171875
0.12503919005393982,2.0088949709202876e-05,0.1875
0.12161658704280853,2.007868628121793e-05,0.15625
0.12263451516628265,2.0068422853232974e-05,0.15625
0.1363029181957245,2.0058159425248044e-05,0.109375
0.11254972964525223,2.0047895997263085e-05,0.15625
0.1379750818014145,2.003763256927814e-05,0.09375
0.11737868934869766,2.0027369141293196e-05,0.125
0.10608573257923126,2.001710571330824e-05,0.1875
0.11206574738025665,2.0006842285323307e-05,0.171875
0.13227030634880066,1.9996578857338347e-05,0.109375
0.12798796594142914,1.9986315429353405e-05,0.203125
0.10880328714847565,1.9976052001368462e-05,0.3125
0.1156599372625351,1.9965788573383502e-05,0.1875
0.11477351933717728,1.995552514539857e-05,0.1875
0.13184505701065063,1.9945261717413613e-05,0.140625
0.12217701226472855,1.993499828942867e-05,0.15625
0.10594873875379562,1.9924734861443724e-05,0.203125
0.12420177459716797,1.9914471433458778e-05,0.1875
0.09701503068208694,1.9904208005473835e-05,0.234375
0.1268574744462967,1.989394457748888e-05,0.234375
0.12722286581993103,1.9883681149503933e-05,0.21875
0.12042717635631561,1.9873417721518987e-05,0.1875
0.11046697944402695,1.9863154293534044e-05,0.1875
0.1331123560667038,1.98528908655491e-05,0.171875
0.10915524512529373,1.984262743756414e-05,0.25
0.11498352140188217,1.983236400957921e-05,0.234375
0.10423872619867325,1.9822100581594253e-05,0.203125
0.11132753640413284,1.981183715360931e-05,0.21875
0.13305430114269257,1.9801573725624364e-05,0.109375
0.1140919104218483,1.9791310297639404e-05,0.15625
0.13595640659332275,1.9781046869654475e-05,0.15625
0.1205497682094574,1.977078344166952e-05,0.234375
0.1359313577413559,1.9760520013684572e-05,0.125
0.11209149658679962,1.9750256585699626e-05,0.1875
0.11804766952991486,1.973999315771467e-05,0.21875
0.11735675483942032,1.972972972972974e-05,0.15625
0.11886061728000641,1.971946630174478e-05,0.21875
0.11391041427850723,1.9709202873759835e-05,0.1875
0.11175236105918884,1.9698939445774892e-05,0.109375
0.1356612890958786,1.9688676017789936e-05,0.09375
0.12467657029628754,1.9678412589805003e-05,0.15625
0.11754688620567322,1.9668149161820044e-05,0.15625
0.12722758948802948,1.96578857338351e-05,0.1875
0.11010368168354034,1.9647622305850158e-05,0.109375
0.1259692758321762,1.9637358877865212e-05,0.125
0.13418832421302795,1.9627095449880266e-05,0.109375
0.13241803646087646,1.961683202189531e-05,0.140625
0.1275961697101593,1.9606568593910367e-05,0.078125
0.11728070676326752,1.959630516592542e-05,0.1875
0.11421086639165878,1.9586041737940475e-05,0.171875
0.11465807259082794,1.9575778309955532e-05,0.21875
0.13364830613136292,1.9565514881970575e-05,0.171875
0.12453852593898773,1.9555251453985643e-05,0.078125
0.11078622192144394,1.9544988026000683e-05,0.171875
0.1307900995016098,1.953472459801574e-05,0.140625
0.116131991147995,1.9524461170030794e-05,0.1875
0.10963672399520874,1.9514197742045838e-05,0.15625
0.12366828322410583,1.9503934314060905e-05,0.125
0.10988138616085052,1.949367088607595e-05,0.21875
0.11042425036430359,1.9483407458091003e-05,0.171875
0.11948131024837494,1.947314403010606e-05,0.21875
0.10501335561275482,1.94628806021211e-05,0.328125
0.13858208060264587,1.9452617174136168e-05,0.125
0.11666272580623627,1.944235374615121e-05,0.125
0.13100218772888184,1.943209031816627e-05,0.15625
0.11531654745340347,1.9421826890181323e-05,0.1875
0.13195283710956573,1.9411563462196366e-05,0.171875
0.12088444083929062,1.9401300034211434e-05,0.1875
0.11630263924598694,1.9391036606226477e-05,0.15625
0.12108030170202255,1.938077317824153e-05,0.140625
0.12310393899679184,1.9370509750256585e-05,0.15625
0.12319454550743103,1.9360246322271642e-05,0.09375
0.12477030605077744,1.93499828942867e-05,0.1875
0.11459784209728241,1.933971946630174e-05,0.171875
0.1210641860961914,1.9329456038316794e-05,0.28125
0.12206555157899857,1.931919261033185e-05,0.15625
0.10485737770795822,1.930892918234691e-05,0.171875
0.1163666620850563,1.9298665754361962e-05,0.234375
0.13740748167037964,1.9288402326377003e-05,0.140625
0.13054029643535614,1.9278138898392073e-05,0.140625
0.12151617556810379,1.9267875470407117e-05,0.203125
0.10441353172063828,1.925761204242217e-05,0.21875
0.12212821841239929,1.9247348614437225e-05,0.171875
0.11907388269901276,1.923708518645227e-05,0.140625
0.15032550692558289,1.922682175846734e-05,0.109375
0.126627117395401,1.921655833048238e-05,0.1875
0.15444059669971466,1.9206294902497433e-05,0.109375
0.10514385998249054,1.919603147451249e-05,0.203125
0.12106429040431976,1.9185768046527534e-05,0.234375
0.1203826367855072,1.9175504618542602e-05,0.1875
0.1075684204697609,1.9165241190557642e-05,0.265625
0.1254379004240036,1.91549777625727e-05,0.171875
0.12745420634746552,1.9144714334587757e-05,0.125
0.14513397216796875,1.9134450906602797e-05,0.125
0.12423144280910492,1.9124187478617864e-05,0.203125
0.1271052360534668,1.9113924050632908e-05,0.15625
0.12843815982341766,1.9103660622647965e-05,0.171875
0.1238560900092125,1.909339719466302e-05,0.15625
0.11810692399740219,1.9083133766678073e-05,0.171875
0.13323885202407837,1.907287033869313e-05,0.125
0.12937073409557343,1.9062606910708174e-05,0.09375
0.11307008564472198,1.9052343482723228e-05,0.078125
0.1080915555357933,1.904208005473828e-05,0.15625
0.10526864975690842,1.903181662675334e-05,0.125
0.12768873572349548,1.9021553198768396e-05,0.15625
0.12511534988880157,1.9011289770783436e-05,0.21875
0.1363709270954132,1.9001026342798504e-05,0.15625
0.11578992754220963,1.8990762914813547e-05,0.140625
0.11659971624612808,1.8980499486828605e-05,0.140625
0.12736816704273224,1.897023605884366e-05,0.109375
0.12854212522506714,1.89599726308587e-05,0.125
0.1415649652481079,1.894970920287377e-05,0.125
0.1242661327123642,1.8939445774888813e-05,0.171875
0.1213490441441536,1.8929182346903867e-05,0.140625
0.10906330496072769,1.891891891891892e-05,0.203125
0.12285728752613068,1.8908655490933965e-05,0.1875
0.13312850892543793,1.8898392062949036e-05,0.140625
0.15915699303150177,1.8888128634964076e-05,0.09375
0.11911875009536743,1.887786520697913e-05,0.09375
0.12427376210689545,1.8867601778994187e-05,0.078125
0.11668583750724792,1.885733835100923e-05,0.1875
0.12081839144229889,1.8847074923024298e-05,0.09375
0.13869178295135498,1.883681149503934e-05,0.15625
0.11264060437679291,1.8826548067054396e-05,0.09375
0.14394491910934448,1.8816284639069453e-05,0.125
0.12080803513526917,1.8806021211084507e-05,0.140625
0.1204596757888794,1.879575778309956e-05,0.203125
0.1257983148097992,1.8785494355114604e-05,0.140625
0.12390278279781342,1.877523092712966e-05,0.125
0.11727336049079895,1.8764967499144715e-05,0.21875
0.11470332741737366,1.875470407115977e-05,0.203125
0.10875269770622253,1.8744440643174827e-05,0.234375
0.11309774219989777,1.873417721518987e-05,0.1875
0.1279163360595703,1.8723913787204938e-05,0.203125
0.12926939129829407,1.8713650359219978e-05,0.140625
0.129061758518219,1.8703386931235035e-05,0.1875
0.1377478837966919,1.8693123503250092e-05,0.109375
0.121291384100914,1.8682860075265133e-05,0.171875
0.1189941018819809,1.86725966472802e-05,0.15625
0.11390608549118042,1.8662333219295244e-05,0.21875
0.12428538501262665,1.86520697913103e-05,0.15625
0.11551276594400406,1.8641806363325355e-05,0.25
0.1096944659948349,1.8631542935340395e-05,0.234375
0.12950390577316284,1.8621279507355466e-05,0.25
0.12383755296468735,1.861101607937051e-05,0.203125
0.12108448892831802,1.8600752651385564e-05,0.25
0.10944739729166031,1.8590489223400617e-05,0.234375
0.10893052816390991,1.858022579541566e-05,0.140625
0.11478272825479507,1.8569962367430732e-05,0.15625
0.12946803867816925,1.8559698939445772e-05,0.203125
0.1126071885228157,1.8549435511460826e-05,0.203125
0.14299863576889038,1.8539172083475883e-05,0.109375
0.12036898732185364,1.852890865549094e-05,0.140625
0.11741451919078827,1.8518645227505994e-05,0.125
0.12063433974981308,1.8508381799521035e-05,0.125
0.11017592251300812,1.8498118371536092e-05,0.203125
0.12244308739900589,1.8487854943551146e-05,0.171875
0.0934804156422615,1.8477591515566203e-05,0.203125
0.11349231749773026,1.8467328087581257e-05,0.15625
0.12370813637971878,1.84570646595963e-05,0.203125
0.11228379607200623,1.8446801231611368e-05,0.234375
0.1186104416847229,1.8436537803626412e-05,0.109375
0.12705108523368835,1.8426274375641466e-05,0.078125
0.11950124055147171,1.841601094765652e-05,0.140625
0.11447068303823471,1.8405747519671563e-05,0.203125
0.11385771632194519,1.8395484091686634e-05,0.171875
0.10741400718688965,1.8385220663701674e-05,0.21875
0.1267000436782837,1.8374957235716728e-05,0.15625
0.11944505572319031,1.8364693807731785e-05,0.125
0.12721967697143555,1.835443037974683e-05,0.25
0.1367652863264084,1.8344166951761897e-05,0.203125
0.11583425849676132,1.8333903523776937e-05,0.1875
0.12960557639598846,1.8323640095791994e-05,0.15625
0.1112632304430008,1.831337666780705e-05,0.1875
0.11386081576347351,1.830311323982209e-05,0.203125
0.10276912897825241,1.829284981183716e-05,0.171875
0.11974352598190308,1.8282586383852203e-05,0.1875
0.10818672180175781,1.827232295586726e-05,0.265625
0.131413072347641,1.8262059527882314e-05,0.09375
0.1166815236210823,1.8251796099897368e-05,0.25
0.11747326701879501,1.8241532671912425e-05,0.203125
0.12931065261363983,1.823126924392747e-05,0.078125
0.11679381132125854,1.8221005815942536e-05,0.171875
0.12049699574708939,1.8210742387957576e-05,0.234375
0.12781475484371185,1.8200478959972634e-05,0.1875
0.12561482191085815,1.819021553198769e-05,0.140625
0.12709209322929382,1.817995210400273e-05,0.1875
0.13315705955028534,1.81696886760178e-05,0.171875
0.11572184413671494,1.8159425248032842e-05,0.1875
0.12256616353988647,1.81491618200479e-05,0.078125
0.1312495917081833,1.8138898392062953e-05,0.109375
0.1317461133003235,1.8128634964077994e-05,0.1875
0.11510279029607773,1.8118371536093064e-05,0.171875
0.12386920303106308,1.8108108108108108e-05,0.140625
0.1446487009525299,1.8097844680123162e-05,0.125
0.11410164833068848,1.8087581252138216e-05,0.203125
0.12382550537586212,1.807731782415326e-05,0.171875
0.10522492974996567,1.806705439616833e-05,0.15625
0.12534479796886444,1.805679096818337e-05,0.125
0.12757812440395355,1.8046527540198425e-05,0.125
0.09620438516139984,1.8036264112213482e-05,0.265625
0.13703779876232147,1.8026000684228525e-05,0.078125
0.11419883370399475,1.8015737256243593e-05,0.171875
0.11833664774894714,1.8005473828258633e-05,0.15625
0.13823968172073364,1.799521040027369e-05,0.09375
0.11021042615175247,1.7984946972288748e-05,0.140625
0.14276736974716187,1.79746835443038e-05,0.09375
0.1164824366569519,1.7964420116318855e-05,0.203125
0.13533654808998108,1.79541566883339e-05,0.171875
0.1392272561788559,1.794389326034897e-05,0.125
0.09529679268598557,1.793362983236401e-05,0.265625
0.11863353103399277,1.7923366404379064e-05,0.125
0.12023528665304184,1.791310297639412e-05,0.1875
0.10804224014282227,1.7902839548409165e-05,0.21875
0.125264510512352,1.7892576120424232e-05,0.140625
0.11730965971946716,1.7882312692439273e-05,0.21875
0.12012619525194168,1.787204926445433e-05,0.09375
0.11328048259019852,1.7861785836469387e-05,0.203125
0.13161896169185638,1.7851522408484428e-05,0.078125
0.13043849170207977,1.7841258980499495e-05,0.109375
0.12472277879714966,1.783099555251454e-05,0.25
0.12417487800121307,1.7820732124529596e-05,0.140625
0.12642309069633484,1.781046869654465e-05,0.1875
0.131831094622612,1.780020526855969e-05,0.203125
0.11634348332881927,1.778994184057476e-05,0.265625
0.1246938407421112,1.7779678412589805e-05,0.140625
0.12009809911251068,1.776941498460486e-05,0.203125
0.11248937249183655,1.7759151556619912e-05,0.1875
0.1275903731584549,1.7748888128634956e-05,0.09375
0.11940635740756989,1.7738624700650027e-05,0.125
0.1274845004081726,1.7728361272665067e-05,0.203125
0.11442822962999344,1.771809784468012e-05,0.171875
0.10102535039186478,1.7707834416695178e-05,0.171875
0.1157328262925148,1.7697570988710235e-05,0.171875
0.12868231534957886,1.768730756072529e-05,0.125
0.10623344779014587,1.767704413274033e-05,0.1875
0.10484889149665833,1.76667807047554e-05,0.265625
0.12263835221529007,1.7656517276770444e-05,0.203125
0.12302921712398529,1.7646253848785498e-05,0.15625
0.12672969698905945,1.7635990420800552e-05,0.203125
0.12431622296571732,1.7625726992815595e-05,0.203125
0.1308513730764389,1.7615463564830663e-05,0.21875
0.11317429691553116,1.7605200136845707e-05,0.1875
0.11895111203193665,1.759493670886076e-05,0.171875
0.11448761075735092,1.7584673280875818e-05,0.15625
0.114616759121418,1.7574409852890858e-05,0.171875
0.1169368252158165,1.756414642490593e-05,0.171875
0.11991634219884872,1.755388299692097e-05,0.109375
0.13631054759025574,1.7543619568936026e-05,0.125
0.10412254184484482,1.753335614095108e-05,0.28125
0.11181212216615677,1.7523092712966124e-05,0.15625
0.12467943131923676,1.751282928498119e-05,0.078125
0.11016088724136353,1.7502565856996235e-05,0.1875
0.11819213628768921,1.749230242901129e-05,0.125
0.11111472547054291,1.7482039001026346e-05,0.171875
0.13030408322811127,1.7471775573041386e-05,0.109375
0.12497061491012573,1.7461512145056457e-05,0.25
0.12061585485935211,1.7451248717071498e-05,0.125
0.13163311779499054,1.7440985289086555e-05,0.203125
0.11712132394313812,1.743072186110161e-05,0.265625
0.1240859255194664,1.7420458433116666e-05,0.140625
0.12148231267929077,1.741019500513172e-05,0.140625
0.12635917961597443,1.7399931577146763e-05,0.0625
0.10882330685853958,1.738966814916183e-05,0.21875
0.1195802241563797,1.7379404721176875e-05,0.171875
0.10528513789176941,1.736914129319193e-05,0.265625
0.1361311674118042,1.7358877865206986e-05,0.125
0.09829732775688171,1.7348614437222026e-05,0.265625
0.11812067776918411,1.7338351009237093e-05,0.171875
0.1180344894528389,1.7328087581252137e-05,0.140625
0.11288841813802719,1.7317824153267194e-05,0.171875
0.12547551095485687,1.7307560725282248e-05,0.203125
0.12300464510917664,1.7297297297297292e-05,0.109375
0.11988258361816406,1.728703386931236e-05,0.1875
0.10975021868944168,1.7276770441327403e-05,0.140625
0.12500305473804474,1.7266507013342457e-05,0.1875
0.13087844848632812,1.725624358535751e-05,0.109375
0.14030598104000092,1.7245980157372554e-05,0.15625
0.12445255368947983,1.7235716729387625e-05,0.21875
0.13678677380084991,1.7225453301402665e-05,0.140625
0.12667541205883026,1.721518987341772e-05,0.171875
0.10917194932699203,1.7204926445432777e-05,0.265625
0.10961008071899414,1.719466301744782e-05,0.171875
0.11036086827516556,1.7184399589462888e-05,0.203125
0.11862283945083618,1.7174136161477928e-05,0.21875
0.1382175087928772,1.7163872733492985e-05,0.109375
0.12147507816553116,1.7153609305508042e-05,0.1875
0.11396442353725433,1.7143345877523096e-05,0.21875
0.12168053537607193,1.713308244953815e-05,0.171875
0.13470661640167236,1.7122819021553194e-05,0.15625
0.11140820384025574,1.7112555593568265e-05,0.203125
0.11608119308948517,1.7102292165583305e-05,0.140625
0.11387115716934204,1.709202873759836e-05,0.15625
0.10674622654914856,1.7081765309613416e-05,0.234375
0.13789696991443634,1.707150188162846e-05,0.140625
0.12334967404603958,1.7061238453643527e-05,0.15625
0.11549384891986847,1.7050975025658568e-05,0.171875
0.123275026679039,1.7040711597673625e-05,0.15625
0.11278899013996124,1.7030448169688682e-05,0.21875
0.12887676060199738,1.7020184741703722e-05,0.140625
0.11273331195116043,1.700992131371879e-05,0.21875
0.13134697079658508,1.6999657885733833e-05,0.09375
0.11832863092422485,1.698939445774889e-05,0.21875
0.11978164315223694,1.6979131029763945e-05,0.109375
0.11025837063789368,1.6968867601778985e-05,0.234375
0.11260730028152466,1.6958604173794056e-05,0.15625
0.11136659979820251,1.69483407458091e-05,0.234375
0.10882443189620972,1.6938077317824153e-05,0.234375
0.12128852307796478,1.6927813889839207e-05,0.15625
0.1156231164932251,1.691755046185425e-05,0.234375
0.0981476679444313,1.690728703386932e-05,0.265625
0.12965014576911926,1.6897023605884362e-05,0.15625
0.10722387582063675,1.6886760177899416e-05,0.21875
0.12206786870956421,1.6876496749914473e-05,0.109375
0.11132565885782242,1.686623332192953e-05,0.1875
0.11672163009643555,1.6855969893944584e-05,0.21875
0.11241894960403442,1.6845706465959624e-05,0.21875
0.1443568468093872,1.6835443037974695e-05,0.171875
0.11103107780218124,1.682517960998974e-05,0.1875
0.11568550020456314,1.6814916182004793e-05,0.140625
0.12442278861999512,1.6804652754019847e-05,0.234375
0.13030356168746948,1.679438932603489e-05,0.09375
0.12617535889148712,1.6784125898049958e-05,0.15625
0.11495627462863922,1.6773862470065e-05,0.234375
0.11338339000940323,1.6763599042080055e-05,0.203125
0.11078930646181107,1.6753335614095112e-05,0.1875
0.13817663490772247,1.6743072186110156e-05,0.171875
0.12070908397436142,1.6732808758125224e-05,0.171875
0.11198882758617401,1.6722545330140264e-05,0.1875
0.11394903063774109,1.671228190215532e-05,0.09375
0.12332141399383545,1.6702018474170375e-05,0.125
0.11053206771612167,1.669175504618542e-05,0.234375
0.11966798454523087,1.6681491618200486e-05,0.125
0.12021567672491074,1.667122819021553e-05,0.078125
0.11039704084396362,1.6660964762230584e-05,0.15625
0.11269797384738922,1.665070133424564e-05,0.203125
0.11706031113862991,1.664043790626068e-05,0.140625
0.1223226934671402,1.6630174478275752e-05,0.171875
0.11503485590219498,1.6619911050290792e-05,0.140625
0.13253629207611084,1.660964762230585e-05,0.140625
0.11481982469558716,1.6599384194320903e-05,0.140625
0.12317952513694763,1.658912076633596e-05,0.203125
0.11429115384817123,1.6578857338351015e-05,0.265625
0.12880182266235352,1.6568593910366058e-05,0.15625
0.11131925880908966,1.6558330482381126e-05,0.15625
0.13082508742809296,1.654806705439617e-05,0.140625
0.12455876171588898,1.6537803626411223e-05,0.140625
0.13560502231121063,1.652754019842628e-05,0.109375
0.1069854199886322,1.651727677044132e-05,0.171875
0.13559822738170624,1.650701334245639e-05,0.09375
0.11095274984836578,1.6496749914471432e-05,0.21875
0.1259957253932953,1.648648648648649e-05,0.15625
0.11061669141054153,1.6476223058501543e-05,0.21875
0.1186891496181488,1.6465959630516587e-05,0.1875
0.12238585948944092,1.6455696202531654e-05,0.109375
0.13833299279212952,1.6445432774546698e-05,0.15625
0.10853052884340286,1.643516934656175e-05,0.203125
0.12646611034870148,1.642490591857681e-05,0.125
0.11867106705904007,1.641464249059185e-05,0.140625
0.1296989917755127,1.640437906260692e-05,0.15625
0.11102944612503052,1.639411563462196e-05,0.21875
0.10641227662563324,1.6383852206637017e-05,0.265625
0.11886367201805115,1.637358877865207e-05,0.140625
0.11637473106384277,1.636332535066713e-05,0.125
0.12768462300300598,1.6353061922682182e-05,0.09375
0.13221755623817444,1.6342798494697226e-05,0.15625
0.12531809508800507,1.633253506671228e-05,0.171875
0.12456156313419342,1.6322271638727337e-05,0.25
0.11456206440925598,1.631200821074239e-05,0.234375
0.105982206761837,1.630174478275745e-05,0.296875
0.12894955277442932,1.629148135477249e-05,0.171875
0.09745179116725922,1.628121792678756e-05,0.359375
0.12060097604990005,1.62709544988026e-05,0.171875
0.12452090531587601,1.6260691070817654e-05,0.109375
0.11081431806087494,1.625042764283271e-05,0.15625
0.11002499610185623,1.6240164214847755e-05,0.234375
0.12727895379066467,1.6229900786862822e-05,0.1875
0.1316072791814804,1.6219637358877862e-05,0.1875
0.1292611062526703,1.620937393089292e-05,0.078125
0.10931447148323059,1.6199110502907977e-05,0.171875
0.11787170171737671,1.6188847074923017e-05,0.21875
0.12022984772920609,1.6178583646938084e-05,0.109375
0.13336902856826782,1.6168320218953128e-05,0.171875
0.11258546262979507,1.6158056790968185e-05,0.234375
0.1131146252155304,1.614779336298324e-05,0.21875
0.10489752888679504,1.613752993499828e-05,0.28125
0.1222575306892395,1.612726650701335e-05,0.171875
0.13136816024780273,1.6117003079028394e-05,0.15625
0.11518780887126923,1.6106739651043448e-05,0.21875
0.12253288179636002,1.6096476223058502e-05,0.234375
0.1148068979382515,1.608621279507356e-05,0.234375
0.09597792476415634,1.6075949367088616e-05,0.296875
0.137114480137825,1.6065685939103657e-05,0.078125
0.12315309792757034,1.605542251111871e-05,0.15625
0.12809064984321594,1.6045159083133768e-05,0.125
0.12591728568077087,1.6034895655148825e-05,0.1875
0.11918918788433075,1.602463222716388e-05,0.21875
0.12294603139162064,1.601436879917892e-05,0.125
0.10666970163583755,1.600410537119399e-05,0.234375
0.10901397466659546,1.5993841943209034e-05,0.1875
0.14420679211616516,1.5983578515224087e-05,0.09375
0.12992721796035767,1.597331508723914e-05,0.125
0.12444852292537689,1.5963051659254185e-05,0.125
0.10885525494813919,1.5952788231269256e-05,0.265625
0.13186420500278473,1.5942524803284296e-05,0.203125
0.11551712453365326,1.593226137529935e-05,0.109375
0.11655157804489136,1.5921997947314407e-05,0.171875
0.12765495479106903,1.591173451932945e-05,0.109375
0.12029372155666351,1.590147109134452e-05,0.15625
0.12798067927360535,1.589120766335956e-05,0.171875
0.11307729780673981,1.5880944235374616e-05,0.1875
0.1364959329366684,1.5870680807389673e-05,0.09375
0.11800290644168854,1.5860417379404713e-05,0.234375
0.10827679932117462,1.585015395141978e-05,0.21875
0.12396314740180969,1.5839890523434825e-05,0.1875
0.12382426857948303,1.5829627095449882e-05,0.21875
0.12008064985275269,1.5819363667464936e-05,0.15625
0.13144627213478088,1.580910023947999e-05,0.078125
0.1294081062078476,1.5798836811495047e-05,0.1875
0.10677524656057358,1.578857338351009e-05,0.234375
0.1244068518280983,1.5778309955525144e-05,0.21875
0.12982825934886932,1.5768046527540198e-05,0.109375
0.11751986294984818,1.5757783099555255e-05,0.109375
0.11482496559619904,1.574751967157031e-05,0.109375
0.12093276530504227,1.5737256243585353e-05,0.21875
0.13254207372665405,1.572699281560042e-05,0.21875
0.1078716367483139,1.5716729387615464e-05,0.21875
0.12370682507753372,1.5706465959630518e-05,0.1875
0.10900759696960449,1.5696202531645575e-05,0.1875
0.11514750868082047,1.5685939103660615e-05,0.15625
0.12817320227622986,1.5675675675675686e-05,0.21875
0.12398282438516617,1.5665412247690727e-05,0.234375
0.12627285718917847,1.5655148819705784e-05,0.125
0.12251279503107071,1.5644885391720838e-05,0.171875
0.1380123794078827,1.563462196373588e-05,0.09375
0.11261238157749176,1.562435853575095e-05,0.234375
0.12810634076595306,1.5614095107765993e-05,0.1875
0.12949594855308533,1.5603831679781046e-05,0.078125
0.11588206142187119,1.5593568251796104e-05,0.171875
0.10767745971679688,1.5583304823811144e-05,0.21875
0.13447777926921844,1.5573041395826215e-05,0.21875
0.1186295822262764,1.5562777967841255e-05,0.234375
0.10010847449302673,1.5552514539856312e-05,0.21875
0.12463084608316422,1.5542251111871366e-05,0.234375
0.11595452576875687,1.5531987683886423e-05,0.15625
0.09897902607917786,1.5521724255901477e-05,0.265625
0.12115911394357681,1.551146082791652e-05,0.125
0.11627835035324097,1.5501197399931575e-05,0.25
0.11631441861391068,1.5490933971946632e-05,0.203125
0.13087891042232513,1.5480670543961686e-05,0.109375
0.12818430364131927,1.5470407115976743e-05,0.109375
0.114429771900177,1.5460143687991783e-05,0.234375
0.1260954886674881,1.5449880260006854e-05,0.125
0.11604338884353638,1.5439616832021895e-05,0.21875
0.1257292926311493,1.5429353404036952e-05,0.15625
0.12544435262680054,1.5419089976052006e-05,0.140625
0.1116078794002533,1.540882654806705e-05,0.125
0.10554130375385284,1.5398563120082117e-05,0.15625
0.12865178287029266,1.538829969209716e-05,0.109375
0.12447205930948257,1.5378036264112214e-05,0.140625
0.11299988627433777,1.536777283612727e-05,0.265625
0.14058800041675568,1.5357509408142312e-05,0.09375
0.12015155702829361,1.5347245980157383e-05,0.1875
0.10956872254610062,1.5336982552172423e-05,0.28125
0.1278349906206131,1.532671912418748e-05,0.203125
0.09883435815572739,1.5316455696202534e-05,0.3125
0.1240682601928711,1.5306192268217578e-05,0.125
0.12299205362796783,1.5295928840232645e-05,0.140625
0.11626160889863968,1.528566541224769e-05,0.1875
0.11803911626338959,1.5275401984262743e-05,0.21875
0.13676317036151886,1.52651385562778e-05,0.09375
0.13116610050201416,1.5254875128292854e-05,0.125
0.11878813803195953,1.524461170030791e-05,0.09375
0.11499805748462677,1.5234348272322951e-05,0.15625
0.11464133113622665,1.5224084844338009e-05,0.15625
0.10434529930353165,1.5213821416353062e-05,0.25
0.13419297337532043,1.5203557988368118e-05,0.109375
0.112883061170578,1.5193294560383174e-05,0.1875
0.1051773801445961,1.5183031132398216e-05,0.125
0.13794919848442078,1.5172767704413285e-05,0.125
0.11567781120538712,1.5162504276428327e-05,0.15625
0.11485084891319275,1.5152240848443382e-05,0.15625
0.10947861522436142,1.5141977420458438e-05,0.265625
0.10703568160533905,1.513171399247348e-05,0.265625
0.11764618754386902,1.5121450564488549e-05,0.109375
0.1318918764591217,1.5111187136503591e-05,0.171875
0.11202230304479599,1.5100923708518646e-05,0.15625
0.12012095749378204,1.5090660280533702e-05,0.234375
0.13641837239265442,1.5080396852548744e-05,0.15625
0.10731705278158188,1.5070133424563813e-05,0.234375
0.12748126685619354,1.5059869996578855e-05,0.140625
0.12778349220752716,1.504960656859391e-05,0.21875
0.12262728065252304,1.5039343140608966e-05,0.15625
0.11056286096572876,1.5029079712624008e-05,0.21875
0.12357643246650696,1.5018816284639077e-05,0.171875
0.11420074850320816,1.500855285665412e-05,0.21875
0.13447408378124237,1.4998289428669175e-05,0.125
0.11715659499168396,1.498802600068423e-05,0.25
0.1335904449224472,1.4977762572699286e-05,0.234375
0.1296933889389038,1.4967499144714342e-05,0.09375
0.13645514845848083,1.4957235716729384e-05,0.15625
0.13246402144432068,1.4946972288744439e-05,0.21875
0.1199566200375557,1.4936708860759495e-05,0.203125
0.14975044131278992,1.492644543277455e-05,0.140625
0.11996574699878693,1.4916182004789606e-05,0.21875
0.11468061059713364,1.4905918576804648e-05,0.21875
0.11664801836013794,1.4895655148819717e-05,0.171875
0.12304071336984634,1.4885391720834759e-05,0.28125
0.1207892969250679,1.4875128292849814e-05,0.125
0.1260136514902115,1.486486486486487e-05,0.21875
0.11561805009841919,1.4854601436879912e-05,0.15625
0.11469003558158875,1.4844338008894981e-05,0.203125
0.11716531217098236,1.4834074580910023e-05,0.1875
0.11539699882268906,1.4823811152925079e-05,0.15625
0.1397217959165573,1.4813547724940134e-05,0.15625
0.1070217415690422,1.4803284296955176e-05,0.140625
0.12639474868774414,1.4793020868970244e-05,0.140625
0.1161283329129219,1.4782757440985287e-05,0.15625
0.12013980746269226,1.4772494013000343e-05,0.109375
0.10985493659973145,1.4762230585015398e-05,0.15625
0.13935400545597076,1.475196715703044e-05,0.15625
0.11350999772548676,1.474170372904551e-05,0.21875
0.13149747252464294,1.4731440301060551e-05,0.15625
0.12439539283514023,1.4721176873075607e-05,0.1875
0.10956519842147827,1.4710913445090661e-05,0.1875
0.14319247007369995,1.4700650017105718e-05,0.171875
0.11307436227798462,1.4690386589120772e-05,0.171875
0.12042789161205292,1.4680123161135816e-05,0.15625
0.10527350008487701,1.466985973315087e-05,0.28125
0.1225849986076355,1.4659596305165927e-05,0.203125
0.10497374832630157,1.464933287718098e-05,0.296875
0.12566189467906952,1.4639069449196038e-05,0.21875
0.12840166687965393,1.4628806021211078e-05,0.1875
0.10847663879394531,1.4618542593226149e-05,0.1875
0.12180940806865692,1.460827916524119e-05,0.21875
0.12806488573551178,1.4598015737256247e-05,0.1875
0.11480918526649475,1.45877523092713e-05,0.203125
0.11125417798757553,1.4577488881286344e-05,0.296875
0.13117091357707977,1.4567225453301412e-05,0.15625
0.11002681404352188,1.4556962025316455e-05,0.171875
0.11962106078863144,1.4546698597331509e-05,0.21875
0.13424162566661835,1.4536435169346566e-05,0.125
0.10150661319494247,1.4526171741361607e-05,0.265625
0.12485358119010925,1.4515908313376677e-05,0.171875
0.11950931698083878,1.4505644885391718e-05,0.21875
0.1390352100133896,1.4495381457406775e-05,0.125
0.13263124227523804,1.4485118029421829e-05,0.171875
0.10824120789766312,1.4474854601436873e-05,0.203125
0.1177005022764206,1.446459117345194e-05,0.21875
0.11659963428974152,1.4454327745466984e-05,0.171875
0.11887017637491226,1.4444064317482038e-05,0.25
0.11953964084386826,1.4433800889497095e-05,0.140625
0.11984021961688995,1.4423537461512149e-05,0.21875
0.12282963842153549,1.4413274033527206e-05,0.21875
0.10802855342626572,1.4403010605542246e-05,0.1875
0.1363966464996338,1.4392747177557303e-05,0.109375
0.11817733198404312,1.4382483749572357e-05,0.15625
0.11485014855861664,1.4372220321587415e-05,0.171875
0.11764286458492279,1.4361956893602468e-05,0.203125
0.11545641720294952,1.4351693465617512e-05,0.25
0.11508098244667053,1.434143003763258e-05,0.171875
0.12501348555088043,1.4331166609647623e-05,0.203125
0.11943765729665756,1.4320903181662677e-05,0.1875
0.12294664233922958,1.4310639753677734e-05,0.046875
0.13007880747318268,1.4300376325692775e-05,0.15625
0.1147398129105568,1.4290112897707844e-05,0.15625
0.1277245581150055,1.4279849469722886e-05,0.171875
0.1275351494550705,1.4269586041737943e-05,0.09375
0.10571245849132538,1.4259322613752997e-05,0.21875
0.12172399461269379,1.424905918576804e-05,0.203125
0.12663468718528748,1.4238795757783108e-05,0.1875
0.11980743706226349,1.4228532329798152e-05,0.15625
0.11409235745668411,1.4218268901813205e-05,0.125
0.11006756126880646,1.4208005473828261e-05,0.140625
0.1119362860918045,1.4197742045843303e-05,0.15625
0.10748928785324097,1.4187478617858372e-05,0.15625
0.11491858959197998,1.4177215189873414e-05,0.203125
0.1302301436662674,1.416695176188847e-05,0.078125
0.11466704308986664,1.4156688333903525e-05,0.171875
0.1265697032213211,1.414642490591858e-05,0.078125
0.12383054196834564,1.4136161477933636e-05,0.171875
0.11485818773508072,1.4125898049948678e-05,0.21875
0.11845947057008743,1.4115634621963734e-05,0.171875
0.11261245608329773,1.410537119397879e-05,0.21875
0.12318315356969833,1.4095107765993845e-05,0.09375
0.12332814931869507,1.40848443380089e-05,0.21875
0.09828630089759827,1.4074580910023943e-05,0.28125
0.1212427169084549,1.4064317482039012e-05,0.171875
0.15313243865966797,1.4054054054054054e-05,0.203125
0.13337624073028564,1.404379062606911e-05,0.078125
0.10880020260810852,1.4033527198084165e-05,0.171875
0.141111359000206,1.4023263770099207e-05,0.078125
0.12295079976320267,1.4013000342114276e-05,0.21875
0.11089654266834259,1.4002736914129318e-05,0.1875
0.12019775807857513,1.3992473486144373e-05,0.171875
0.1166231632232666,1.3982210058159429e-05,0.171875
0.12001069635152817,1.3971946630174471e-05,0.21875
0.13594761490821838,1.396168320218954e-05,0.109375
0.12172755599021912,1.3951419774204582e-05,0.203125
0.10691573470830917,1.3941156346219638e-05,0.234375
0.10547351092100143,1.3930892918234693e-05,0.265625
0.12834948301315308,1.3920629490249735e-05,0.09375
0.12870292365550995,1.3910366062264804e-05,0.109375
0.1112966537475586,1.3900102634279846e-05,0.203125
0.1280432790517807,1.3889839206294902e-05,0.171875
0.10263507813215256,1.3879575778309957e-05,0.296875
0.1183151826262474,1.3869312350325013e-05,0.1875
0.13363759219646454,1.3859048922340068e-05,0.109375
0.12172134965658188,1.384878549435511e-05,0.1875
0.10673041641712189,1.3838522066370166e-05,0.109375
0.13306903839111328,1.3828258638385222e-05,0.15625
0.12686145305633545,1.3817995210400277e-05,0.1875
0.11973078548908234,1.3807731782415333e-05,0.203125
0.12845593690872192,1.3797468354430375e-05,0.125
0.11995520442724228,1.3787204926445444e-05,0.15625
0.12269803881645203,1.3776941498460486e-05,0.125
0.12481962144374847,1.3766678070475541e-05,0.15625
0.13644881546497345,1.3756414642490597e-05,0.203125
0.12315446138381958,1.3746151214505639e-05,0.109375
0.11911766231060028,1.3735887786520708e-05,0.21875
0.10370352119207382,1.372562435853575e-05,0.234375
0.13942737877368927,1.3715360930550806e-05,0.125
0.13632944226264954,1.3705097502565861e-05,0.125
0.12301691621541977,1.3694834074580903e-05,0.1875
0.10793028771877289,1.3684570646595972e-05,0.234375
0.12879566848278046,1.3674307218611014e-05,0.203125
0.11042372137308121,1.366404379062607e-05,0.1875
0.13213364779949188,1.3653780362641125e-05,0.15625
0.12735657393932343,1.3643516934656167e-05,0.140625
0.12785109877586365,1.3633253506671235e-05,0.15625
0.12146130204200745,1.3622990078686278e-05,0.234375
0.10995138436555862,1.3612726650701334e-05,0.203125
0.11921970546245575,1.360246322271639e-05,0.15625
0.12044066935777664,1.3592199794731443e-05,0.1875
0.11613620072603226,1.35819363667465e-05,0.1875
0.1047879159450531,1.3571672938761543e-05,0.234375
0.12782299518585205,1.3561409510776598e-05,0.1875
0.12006749212741852,1.3551146082791652e-05,0.109375
0.1168665885925293,1.354088265480671e-05,0.140625
0.11559376120567322,1.3530619226821763e-05,0.203125
0.10309500992298126,1.3520355798836807e-05,0.1875
0.12059658765792847,1.3510092370851874e-05,0.171875
0.10356617718935013,1.3499828942866918e-05,0.28125
0.10867124795913696,1.3489565514881972e-05,0.1875
0.13109003007411957,1.3479302086897029e-05,0.203125
0.12069979310035706,1.346903865891207e-05,0.21875
0.1150081530213356,1.3458775230927138e-05,0.1875
0.10903788357973099,1.344851180294218e-05,0.1875
0.11947890371084213,1.3438248374957238e-05,0.21875
0.13066723942756653,1.3427984946972292e-05,0.15625
0.12291906774044037,1.3417721518987335e-05,0.140625
0.11931394040584564,1.3407458091002403e-05,0.203125
0.11576871573925018,1.3397194663017446e-05,0.21875
0.10017827153205872,1.33869312350325e-05,0.234375
0.12187543511390686,1.3376667807047556e-05,0.234375
0.11630357056856155,1.3366404379062598e-05,0.140625
0.11499041318893433,1.3356140951077667e-05,0.203125
0.1044810488820076,1.3345877523092709e-05,0.234375
0.1303451508283615,1.3335614095107764e-05,0.234375
0.11816240102052689,1.332535066712282e-05,0.203125
0.12957288324832916,1.3315087239137876e-05,0.1875
0.12216449528932571,1.3304823811152931e-05,0.15625
0.1250046342611313,1.3294560383167973e-05,0.109375
0.11080597341060638,1.3284296955183029e-05,0.34375
0.11384723335504532,1.3274033527198084e-05,0.171875
0.12288490682840347,1.326377009921314e-05,0.21875
0.10942306369543076,1.3253506671228195e-05,0.25
0.11296737194061279,1.3243243243243237e-05,0.140625
0.13400422036647797,1.3232979815258306e-05,0.1875
0.10912606120109558,1.3222716387273348e-05,0.296875
0.12347151339054108,1.3212452959288404e-05,0.171875
0.12355707585811615,1.320218953130346e-05,0.078125
0.1358427107334137,1.3191926103318502e-05,0.15625
0.0977950468659401,1.318166267533357e-05,0.25
0.12228364497423172,1.3171399247348613e-05,0.125
0.11817211657762527,1.3161135819363668e-05,0.234375
0.12093965709209442,1.3150872391378724e-05,0.125
0.11162069439888,1.3140608963393766e-05,0.1875
0.1199495792388916,1.3130345535408835e-05,0.15625
0.1078207716345787,1.3120082107423877e-05,0.25
0.11915100365877151,1.3109818679438932e-05,0.125
0.12455842643976212,1.3099555251453988e-05,0.09375
0.11886471509933472,1.308929182346903e-05,0.15625
0.13300752639770508,1.3079028395484099e-05,0.15625
0.13841786980628967,1.3068764967499141e-05,0.15625
0.11797644942998886,1.3058501539514197e-05,0.171875
0.13353833556175232,1.3048238111529252e-05,0.078125
0.1377246379852295,1.3037974683544308e-05,0.15625
0.11877084523439407,1.3027711255559363e-05,0.15625
0.10805543512105942,1.3017447827574405e-05,0.28125
0.12772946059703827,1.300718439958946e-05,0.171875
0.11487624794244766,1.2996920971604516e-05,0.21875
0.11034467071294785,1.2986657543619572e-05,0.171875
0.13160446286201477,1.2976394115634627e-05,0.203125
0.12007112801074982,1.296613068764967e-05,0.125
0.11010412126779556,1.2955867259664739e-05,0.15625
0.13400310277938843,1.294560383167978e-05,0.140625
0.11981324106454849,1.2935340403694836e-05,0.171875
0.10892850160598755,1.2925076975709892e-05,0.203125
0.10149464011192322,1.2914813547724934e-05,0.265625
0.11026357114315033,1.2904550119740003e-05,0.171875
0.1146259531378746,1.2894286691755045e-05,0.09375
0.11525524407625198,1.28840232637701e-05,0.171875
0.11315624415874481,1.2873759835785156e-05,0.25
0.11183037608861923,1.2863496407800198e-05,0.234375
0.1269260197877884,1.2853232979815267e-05,0.203125
0.1397889256477356,1.2842969551830309e-05,0.1875
0.10912221670150757,1.2832706123845365e-05,0.1875
0.12417429685592651,1.282244269586042e-05,0.140625
0.10844697058200836,1.2812179267875462e-05,0.171875
0.11768213659524918,1.2801915839890531e-05,0.140625
0.11110144853591919,1.2791652411905573e-05,0.171875
0.1282263994216919,1.2781388983920629e-05,0.078125
0.10385142266750336,1.2771125555935684e-05,0.21875
0.12444629520177841,1.276086212795074e-05,0.203125
0.11618775129318237,1.2750598699965795e-05,0.203125
0.10958478599786758,1.2740335271980837e-05,0.1875
0.11225167661905289,1.2730071843995893e-05,0.1875
0.10820326209068298,1.2719808416010949e-05,0.234375
0.11419518291950226,1.2709544988026004e-05,0.21875
0.11544165015220642,1.269928156004106e-05,0.140625
0.11830204725265503,1.2689018132056102e-05,0.234375
0.11216658353805542,1.2678754704071169e-05,0.234375
0.11468477547168732,1.2668491276086213e-05,0.171875
0.11893071979284286,1.2658227848101268e-05,0.21875
0.11141493171453476,1.2647964420116324e-05,0.171875
0.12177170068025589,1.2637700992131366e-05,0.15625
0.14511436223983765,1.2627437564146435e-05,0.140625
0.11233110725879669,1.2617174136161477e-05,0.078125
0.11190525442361832,1.2606910708176533e-05,0.15625
0.1325778216123581,1.2596647280191586e-05,0.109375
0.13898307085037231,1.258638385220663e-05,0.15625
0.1130499616265297,1.2576120424221697e-05,0.171875
0.10942080616950989,1.2565856996236741e-05,0.296875
0.11550658941268921,1.2555593568251795e-05,0.265625
0.12348689883947372,1.2545330140266852e-05,0.234375
0.12705819308757782,1.2535066712281894e-05,0.21875
0.125379741191864,1.2524803284296963e-05,0.15625
0.11884058266878128,1.2514539856312004e-05,0.171875
0.11293276399374008,1.2504276428327061e-05,0.265625
0.10858812183141708,1.2494013000342115e-05,0.15625
0.11818218231201172,1.2483749572357172e-05,0.25
0.12074209749698639,1.2473486144372226e-05,0.171875
0.11593836545944214,1.246322271638727e-05,0.203125
0.13641393184661865,1.2452959288402323e-05,0.140625
0.11825139075517654,1.244269586041738e-05,0.171875
0.1229073628783226,1.2432432432432435e-05,0.09375
0.12312398850917816,1.2422169004447492e-05,0.25
0.11815537512302399,1.2411905576462532e-05,0.203125
0.11136992275714874,1.2401642148477601e-05,0.234375
0.14719755947589874,1.2391378720492643e-05,0.140625
0.11415328830480576,1.2381115292507699e-05,0.1875
0.11497409641742706,1.2370851864522754e-05,0.171875
0.11163350939750671,1.2360588436537798e-05,0.234375
0.11935324966907501,1.2350325008552865e-05,0.171875
0.11010177433490753,1.2340061580567907e-05,0.09375
0.12441382557153702,1.2329798152582963e-05,0.171875
0.1271989345550537,1.2319534724598019e-05,0.140625
0.10880465805530548,1.230927129661306e-05,0.15625
0.1224277913570404,1.229900786862813e-05,0.15625
0.13276372849941254,1.2288744440643172e-05,0.140625
0.11773046851158142,1.2278481012658227e-05,0.140625
0.12654532492160797,1.2268217584673283e-05,0.125
0.12039468437433243,1.2257954156688325e-05,0.203125
0.11724895238876343,1.2247690728703394e-05,0.1875
0.12983055412769318,1.2237427300718436e-05,0.15625
0.11246977746486664,1.2227163872733491e-05,0.203125
0.1232840046286583,1.2216900444748547e-05,0.171875
0.13210538029670715,1.2206637016763602e-05,0.125
0.14773282408714294,1.2196373588778658e-05,0.15625
0.12172278761863708,1.21861101607937e-05,0.171875
0.11170274019241333,1.2175846732808756e-05,0.171875
0.11776132136583328,1.2165583304823811e-05,0.09375
0.11619987338781357,1.2155319876838867e-05,0.15625
0.13989993929862976,1.2145056448853922e-05,0.15625
0.1282036155462265,1.2134793020868964e-05,0.203125
0.11073490977287292,1.2124529592884033e-05,0.25
0.11125217378139496,1.2114266164899075e-05,0.203125
0.13090255856513977,1.2104002736914131e-05,0.171875
0.11249782890081406,1.2093739308929186e-05,0.1875
0.1313709318637848,1.2083475880944228e-05,0.171875
0.1369670331478119,1.2073212452959298e-05,0.109375
0.12058493494987488,1.206294902497434e-05,0.171875
0.11822522431612015,1.2052685596989395e-05,0.234375
0.12909483909606934,1.204242216900445e-05,0.171875
0.10847384482622147,1.2032158741019493e-05,0.21875
0.11106620728969574,1.2021895313034562e-05,0.1875
0.11038068681955338,1.2011631885049604e-05,0.15625
0.12706315517425537,1.200136845706466e-05,0.15625
0.10694928467273712,1.1991105029079715e-05,0.125
0.12307954579591751,1.1980841601094757e-05,0.09375
0.13372422754764557,1.1970578173109826e-05,0.203125
0.10439730435609818,1.1960314745124868e-05,0.125
0.12100723385810852,1.1950051317139924e-05,0.171875
0.11390052735805511,1.1939787889154979e-05,0.15625
0.1229652538895607,1.1929524461170035e-05,0.203125
0.11982591450214386,1.191926103318509e-05,0.109375
0.11939054727554321,1.1908997605200132e-05,0.203125
0.11701589822769165,1.1898734177215188e-05,0.171875
0.12643346190452576,1.1888470749230243e-05,0.203125
0.13148973882198334,1.1878207321245299e-05,0.09375
0.1131601482629776,1.1867943893260354e-05,0.140625
0.12062355875968933,1.1857680465275396e-05,0.234375
0.11741362512111664,1.1847417037290466e-05,0.3125
0.10078220814466476,1.1837153609305508e-05,0.25
0.12341652810573578,1.1826890181320563e-05,0.15625
0.13753657042980194,1.1816626753335619e-05,0.140625
0.12078042328357697,1.180636332535066e-05,0.15625
0.12002982944250107,1.179609989736573e-05,0.21875
0.09877606481313705,1.1785836469380772e-05,0.296875
0.12275496870279312,1.1775573041395827e-05,0.1875
0.10584846884012222,1.1765309613410883e-05,0.203125
0.11779972165822983,1.1755046185425925e-05,0.203125
0.1168127954006195,1.1744782757440994e-05,0.265625
0.13106784224510193,1.1734519329456036e-05,0.234375
0.10543834418058395,1.1724255901471091e-05,0.25
0.11918216943740845,1.1713992473486147e-05,0.1875
0.10480854660272598,1.1703729045501189e-05,0.265625
0.12823474407196045,1.1693465617516258e-05,0.203125
0.12214024364948273,1.16832021895313e-05,0.234375
0.12293097376823425,1.1672938761546356e-05,0.15625
0.12594769895076752,1.1662675333561411e-05,0.203125
0.11494819819927216,1.1652411905576467e-05,0.234375
0.1066238209605217,1.1642148477591522e-05,0.234375
0.11556106805801392,1.1631885049606564e-05,0.234375
0.13416451215744019,1.162162162162162e-05,0.125
0.13705098628997803,1.1611358193636675e-05,0.125
0.11652356386184692,1.1601094765651731e-05,0.1875
0.12090618908405304,1.1590831337666787e-05,0.171875
0.13005591928958893,1.1580567909681829e-05,0.15625
0.11040178686380386,1.1570304481696898e-05,0.234375
0.12041090428829193,1.156004105371194e-05,0.140625
0.11077249050140381,1.1549777625726995e-05,0.203125
0.11048027873039246,1.1539514197742049e-05,0.21875
0.0957963839173317,1.1529250769757093e-05,0.25
0.10629437863826752,1.151898734177216e-05,0.21875
0.12097140401601791,1.1508723913787204e-05,0.109375
0.13245685398578644,1.1498460485802258e-05,0.1875
0.11017806082963943,1.1488197057817315e-05,0.15625
0.1180446445941925,1.1477933629832357e-05,0.171875
0.12156197428703308,1.1467670201847424e-05,0.203125
0.1311563104391098,1.1457406773862466e-05,0.171875
0.11605755239725113,1.1447143345877524e-05,0.1875
0.11944085359573364,1.1436879917892578e-05,0.15625
0.11114069074392319,1.1426616489907621e-05,0.15625
0.11678346991539001,1.1416353061922689e-05,0.125
0.11637092381715775,1.1406089633937732e-05,0.203125
0.1360066831111908,1.1395826205952786e-05,0.125
0.1306651532649994,1.1385562777967842e-05,0.15625
0.1189890205860138,1.1375299349982897e-05,0.203125
0.10523764044046402,1.1365035921997953e-05,0.265625
0.11310900747776031,1.1354772494012995e-05,0.15625
0.12166548520326614,1.134450906602805e-05,0.1875
0.11679563671350479,1.1334245638043106e-05,0.171875
0.1249958872795105,1.1323982210058161e-05,0.15625
0.12413136661052704,1.1313718782073217e-05,0.140625
0.11961374431848526,1.1303455354088259e-05,0.15625
0.11062545329332352,1.1293191926103328e-05,0.203125
0.128755122423172,1.128292849811837e-05,0.1875
0.11137751489877701,1.1272665070133426e-05,0.28125
0.1399763822555542,1.1262401642148481e-05,0.140625
0.13175716996192932,1.1252138214163523e-05,0.171875
0.1265646517276764,1.1241874786178592e-05,0.171875
0.13206809759140015,1.1231611358193634e-05,0.140625
0.11735783517360687,1.122134793020869e-05,0.203125
0.1268237680196762,1.1211084502223745e-05,0.1875
0.11945444345474243,1.1200821074238787e-05,0.125
0.12077387422323227,1.1190557646253857e-05,0.09375
0.12623187899589539,1.1180294218268899e-05,0.109375
0.10873338580131531,1.1170030790283954e-05,0.1875
0.12151092290878296,1.115976736229901e-05,0.1875
0.12803328037261963,1.1149503934314052e-05,0.125
0.11838138103485107,1.113924050632912e-05,0.15625
0.10622777044773102,1.1128977078344163e-05,0.25
0.10428200662136078,1.1118713650359218e-05,0.265625
0.11565961688756943,1.1108450222374274e-05,0.1875
0.1287257969379425,1.109818679438933e-05,0.125
0.11420740187168121,1.1087923366404385e-05,0.171875
0.12083855271339417,1.1077659938419427e-05,0.234375
0.13248667120933533,1.1067396510434483e-05,0.125
0.11506612598896027,1.1057133082449538e-05,0.21875
0.1239326223731041,1.1046869654464594e-05,0.171875
0.1268954873085022,1.103660622647965e-05,0.140625
0.10223079472780228,1.1026342798494691e-05,0.21875
0.13367222249507904,1.101607937050976e-05,0.28125
0.13539353013038635,1.1005815942524802e-05,0.1875
0.12419822812080383,1.0995552514539858e-05,0.234375
0.11077877134084702,1.0985289086554913e-05,0.1875
0.13792307674884796,1.0975025658569955e-05,0.109375
0.13457950949668884,1.0964762230585025e-05,0.1875
0.12242767214775085,1.0954498802600067e-05,0.140625
0.1080353856086731,1.0944235374615122e-05,0.25
0.11269865185022354,1.0933971946630178e-05,0.1875
0.1343860924243927,1.092370851864522e-05,0.15625
0.12369219958782196,1.0913445090660289e-05,0.15625
0.11042791604995728,1.090318166267533e-05,0.234375
0.1464468538761139,1.0892918234690386e-05,0.171875
0.12178763747215271,1.0882654806705442e-05,0.109375
0.11308649927377701,1.0872391378720484e-05,0.171875
0.13137328624725342,1.0862127950735553e-05,0.1875
0.12275144457817078,1.0851864522750595e-05,0.25
0.13019070029258728,1.084160109476565e-05,0.078125
0.13734537363052368,1.0831337666780706e-05,0.09375
0.12381920218467712,1.0821074238795762e-05,0.203125
0.11419375240802765,1.0810810810810817e-05,0.234375
0.11794163286685944,1.0800547382825859e-05,0.203125
0.129643052816391,1.0790283954840928e-05,0.125
0.12436158210039139,1.078002052685597e-05,0.125
0.12096131592988968,1.0769757098871026e-05,0.15625
0.12817063927650452,1.0759493670886081e-05,0.140625
0.14149470627307892,1.0749230242901123e-05,0.09375
0.11050713062286377,1.0738966814916192e-05,0.296875
0.11875547468662262,1.0728703386931234e-05,0.15625
0.11315952241420746,1.071843995894629e-05,0.15625
0.13524627685546875,1.0708176530961346e-05,0.15625
0.1208014041185379,1.0697913102976388e-05,0.265625
0.13678023219108582,1.0687649674991457e-05,0.171875
0.12343032658100128,1.0677386247006499e-05,0.078125
0.12197717279195786,1.0667122819021554e-05,0.15625
0.1213424801826477,1.065685939103661e-05,0.09375
0.11108992248773575,1.0646595963051652e-05,0.1875
0.12013240903615952,1.0636332535066721e-05,0.1875
0.11455066502094269,1.0626069107081763e-05,0.109375
0.10914918780326843,1.0615805679096818e-05,0.15625
0.09957312047481537,1.0605542251111874e-05,0.203125
0.13336551189422607,1.0595278823126916e-05,0.109375
0.11977411061525345,1.0585015395141983e-05,0.1875
0.12172093242406845,1.0574751967157027e-05,0.140625
0.11917940527200699,1.0564488539172083e-05,0.140625
0.12636029720306396,1.0554225111187138e-05,0.140625
0.11620428413152695,1.0543961683202192e-05,0.203125
0.12982472777366638,1.053369825521725e-05,0.203125
0.12404978275299072,1.0523434827232291e-05,0.234375
0.11371774226427078,1.0513171399247359e-05,0.171875
0.10957497358322144,1.05029079712624e-05,0.15625
0.12373831123113632,1.0492644543277458e-05,0.140625
0.11179973930120468,1.0482381115292512e-05,0.171875
0.11807121336460114,1.0472117687307556e-05,0.109375
0.12375181913375854,1.0461854259322623e-05,0.140625
0.1272590458393097,1.0451590831337665e-05,0.171875
0.10826113075017929,1.044132740335272e-05,0.234375
0.11050192266702652,1.0431063975367776e-05,0.234375
0.10158970206975937,1.0420800547382818e-05,0.25
0.10845804214477539,1.0410537119397887e-05,0.234375
0.12994645535945892,1.0400273691412929e-05,0.140625
0.12805137038230896,1.0390010263427985e-05,0.203125
0.11266163736581802,1.037974683544304e-05,0.1875
0.11224803328514099,1.0369483407458082e-05,0.1875
0.12209510803222656,1.0359219979473151e-05,0.171875
0.13088366389274597,1.0348956551488193e-05,0.21875
0.12041391432285309,1.0338693123503249e-05,0.125
0.13397251069545746,1.0328429695518304e-05,0.125
0.12904049456119537,1.0318166267533346e-05,0.171875
0.12585531175136566,1.0307902839548416e-05,0.171875
0.1206258088350296,1.0297639411563458e-05,0.1875
0.11172444373369217,1.0287375983578513e-05,0.21875
0.12511005997657776,1.0277112555593569e-05,0.09375
0.12794700264930725,1.0266849127608624e-05,0.171875
0.11113778501749039,1.025658569962368e-05,0.1875
0.12349393218755722,1.0246322271638722e-05,0.21875
0.12843427062034607,1.0236058843653791e-05,0.125
0.11936753988265991,1.0225795415668833e-05,0.203125
0.1219603568315506,1.0215531987683888e-05,0.203125
0.1057959720492363,1.0205268559698944e-05,0.15625
0.1266716569662094,1.0195005131713986e-05,0.1875
0.11315128207206726,1.0184741703729055e-05,0.171875
0.10182307660579681,1.0174478275744097e-05,0.21875
0.12189450860023499,1.0164214847759153e-05,0.140625
0.1221204549074173,1.0153951419774208e-05,0.203125
0.12441767752170563,1.014368799178925e-05,0.203125
0.12591490149497986,1.013342456380432e-05,0.15625
0.11971491575241089,1.0123161135819361e-05,0.171875
0.12497740983963013,1.0112897707834417e-05,0.09375
0.13078078627586365,1.0102634279849472e-05,0.140625
0.11760642379522324,1.0092370851864514e-05,0.171875
0.11485311388969421,1.0082107423879584e-05,0.125
0.11847509443759918,1.0071843995894626e-05,0.09375
0.12125834822654724,1.0061580567909681e-05,0.1875
0.12779150903224945,1.0051317139924737e-05,0.171875
0.12205424904823303,1.0041053711939779e-05,0.234375
0.1218922883272171,1.0030790283954848e-05,0.28125
0.1118697002530098,1.002052685596989e-05,0.25
0.11623633652925491,1.0010263427984945e-05,0.140625
0.12888172268867493,1e-05,0.06451613
